tourney_id,tourney_year,tourney_name,level,start_date,end_date,surface,city,country,singles_draw_size,prize_money,prize_money_currency,match_id,date,round,winner,loser,winner_country,loser_country,winner_seed,loser_seed,set1_score,set2_score,set3_score,indoor_outdoor,player_id_winner,player_id_loser,event_id,event_year,player_a,player_b,country_a,country_b,seed_a,seed_b,winner_flag_raw,winner_player_name,loser_player_name,num_sets,score_string,match_timestamp,match_date,match_time_total,tournament_name,tournament_title,liveScoringId,venue_id,venue_name,PlayerIDA,PlayerIDA2,PlayerIDB,PlayerIDB2,settime_set1,winner_score_set1,loser_score_set1,winner_scoret_set1,loser_scoret_set1,winner_aces_set1,loser_aces_set1,winner_dblflt_set1,loser_dblflt_set1,winner_ptswon1stserv_set1,loser_ptswon1stserv_set1,winner_ptsplayed1stserv_set1,loser_ptsplayed1stserv_set1,winner_ptstotwonserv_set1,loser_ptstotwonserv_set1,winner_totservplayed_set1,loser_totservplayed_set1,winner_breakptsconv_set1,loser_breakptsconv_set1,winner_breakptsplayed_set1,loser_breakptsplayed_set1,winner_servgamesplayed_set1,loser_servgamesplayed_set1,winner_pts1stservlost_set1,loser_pts1stservlost_set1,winner_totptswon_set1,loser_totptswon_set1,winner_acesss_set1,loser_acesss_set1,settime_set2,winner_score_set2,loser_score_set2,winner_scoret_set2,loser_scoret_set2,winner_aces_set2,loser_aces_set2,winner_dblflt_set2,loser_dblflt_set2,winner_ptswon1stserv_set2,loser_ptswon1stserv_set2,winner_ptsplayed1stserv_set2,loser_ptsplayed1stserv_set2,winner_ptstotwonserv_set2,loser_ptstotwonserv_set2,winner_totservplayed_set2,loser_totservplayed_set2,winner_breakptsconv_set2,loser_breakptsconv_set2,winner_breakptsplayed_set2,loser_breakptsplayed_set2,winner_servgamesplayed_set2,loser_servgamesplayed_set2,winner_pts1stservlost_set2,loser_pts1stservlost_set2,winner_totptswon_set2,loser_totptswon_set2,winner_acesss_set2,loser_acesss_set2,settime_set3,winner_score_set3,loser_score_set3,winner_scoret_set3,loser_scoret_set3,winner_aces_set3,loser_aces_set3,winner_dblflt_set3,loser_dblflt_set3,winner_ptswon1stserv_set3,loser_ptswon1stserv_set3,winner_ptsplayed1stserv_set3,loser_ptsplayed1stserv_set3,winner_ptstotwonserv_set3,loser_ptstotwonserv_set3,winner_totservplayed_set3,loser_totservplayed_set3,winner_breakptsconv_set3,loser_breakptsconv_set3,winner_breakptsplayed_set3,loser_breakptsplayed_set3,winner_servgamesplayed_set3,loser_servgamesplayed_set3,winner_pts1stservlost_set3,loser_pts1stservlost_set3,winner_totptswon_set3,loser_totptswon_set3,winner_acesss_set3,loser_acesss_set3,settime_set4,winner_score_set4,loser_score_set4,winner_scoret_set4,loser_scoret_set4,winner_aces_set4,loser_aces_set4,winner_dblflt_set4,loser_dblflt_set4,winner_ptswon1stserv_set4,loser_ptswon1stserv_set4,winner_ptsplayed1stserv_set4,loser_ptsplayed1stserv_set4,winner_ptstotwonserv_set4,loser_ptstotwonserv_set4,winner_totservplayed_set4,loser_totservplayed_set4,winner_breakptsconv_set4,loser_breakptsconv_set4,winner_breakptsplayed_set4,loser_breakptsplayed_set4,winner_servgamesplayed_set4,loser_servgamesplayed_set4,winner_pts1stservlost_set4,loser_pts1stservlost_set4,winner_totptswon_set4,loser_totptswon_set4,winner_acesss_set4,loser_acesss_set4,aces_set1,aces_set2,aces_set3,dblflt_set1,dblflt_set2,dblflt_set3,match_message,match_status,set4_score,set5_score,winner_flag,doublefaults_tot_winner,doublefaults_tot_loser,aces_tot_winner,aces_tot_loser,firstserve_dividend_tot_winner,firstserve_dividend_tot_loser,firstserve_divisor_tot_winner,firstserve_divisor_tot_loser,firstserve_percent_tot_winner,firstserve_percent_tot_loser,firstservepointswon_dividend_tot_winner,firstservepointswon_dividend_tot_loser,firstservepointswon_divisor_tot_winner,firstservepointswon_divisor_tot_loser,firstservepointswon_percent_tot_winner,firstservepointswon_percent_tot_loser,secondservepointswon_percent_tot_winner,secondservepointswon_dividend_tot_winner,secondservepointswon_divisor_tot_winner,secondservepointswon_percent_tot_loser,secondservepointswon_dividend_tot_loser,secondservepointswon_divisor_tot_loser,breakpointssaved_dividend_tot_winner,breakpointssaved_divisor_tot_winner,breakpointssaved_percent_tot_winner,servicegamesplayed_tot_winner,servicegamesplayed_tot_loser,serverating_tot_winner,serverating_tot_loser,totalservicepointswon_dividend_tot_winner,totalservicepointswon_percent_tot_winner,totalreturnpointswon_percent_tot_winner,totalpointswon_percent_tot_winner,tiebreak_set1_winner,tiebreak_set1_loser,tiebreak_set2_winner,tiebreak_set2_loser,tiebreak_set3_winner,tiebreak_set3_loser,player_winner,player_loser,country_winner,country_loser,seed_winner,seed_loser,serveratinglink_tot_winner,serveratinglink_tot_loser,breakpointssaved_percent_tot_loser,breakpointssaved_dividend_tot_loser,breakpointssaved_divisor_tot_loser
W-WT-GER-03A-1999,1999,Berlin,W,1999-05-10,,Clay,,,56,,,LS033,1999-05-10,R64,Gala Leon Garcia,Ai Sugiyama,ESP,JPN,,,6-1,6-2,,,120176,190353,W-WT-GER-03A-1999,1999,Gala Leon Garcia,Ai Sugiyama,ESP,JPN,,,,Gala Leon Garcia,Ai Sugiyama,2,"6-1,6-2",,1999-05-10,,Berlin,,,,,120176,,190353,,,,,,,,,,,,,,,,,,,,,,,,,,,,,,,,,,,,,,,,,,,,,,,,,,,,,,,,,,,,,,,,,,,,,,,,,,,,,,,,,,,,,,,,,,,,,,,,,,,,,,,,,,,,,,,,,,,,,,,,,,,,,,,,,,,,,,,,,,,,,,,,,,,,,,,,,,,,,,,,,,,,,,,,,,,,,,,,,,
W-WT-GER-03A-1999,1999,Berlin,W,1999-05-10,,Clay,,,56,,,LS034,1999-05-10,R64,Elena Likhovtseva,Germana Di Natale,RUS,ITA,,,6-2,6-2,,,120151,40189,W-WT-GER-03A-1999,1999,Elena Likhovtseva,Germana Di Natale,RUS,ITA,,,,Elena Likhovtseva,Germana Di Natale,2,"6-2,6-2",,1999-05-10,,Berlin,,,,,120151,,40189,,,,,,,,,,,,,,,,,,,,,,,,,,,,,,,,,,,,,,,,,,,,,,,,,,,,,,,,,,,,,,,,,,,,,,,,,,,,,,,,,,,,,,,,,,,,,,,,,,,,,,,,,,,,,,,,,,,,,,,,,,,,,,,,,,,,,,,,,,,,,,,,,,,,,,,,,,,,,,,,,,,,,,,,,,,,,,,,,,
W-WT-GER-03A-1999,1999,Berlin,W,1999-05-10,,Clay,,,56,,,LS035,1999-05-10,R64,Dominique Monami,Jana Kandarr,BEL,GER,11.0,,6-2,6-1,,,,110329,W-WT-GER-03A-1999,1999,Dominique Monami,Jana Kandarr,BEL,GER,11.0,,,Dominique Monami,Jana Kandarr,2,"6-2,6-1",,1999-05-10,,Berlin,,,,,,,110329,,,,,,,,,,,,,,,,,,,,,,,,,,,,,,,,,,,,,,,,,,,,,,,,,,,,,,,,,,,,,,,,,,,,,,,,,,,,,,,,,,,,,,,,,,,,,,,,,,,,,,,,,,,,,,,,,,,,,,,,,,,,,,,,,,,,,,,,,,,,,,,,,,,,,,,,,,,,,,,,,,,,,,,,,,,,,,,,,,
W-WT-GER-03A-1999,1999,Berlin,W,1999-05-10,,Clay,,,56,,,LS036,1999-05-10,R64,Barbara Schett,Mariaan De Swardt,AUT,RSA,16.0,,6-4,5-7,6-2,,190349,40020,W-WT-GER-03A-1999,1999,Barbara Schett,Mariaan De Swardt,AUT,RSA,16.0,,,Barbara Schett,Mariaan De Swardt,3,"6-4,5-7,6-2",,1999-05-10,,Berlin,,,,,190349,,40020,,,,,,,,,,,,,,,,,,,,,,,,,,,,,,,,,,,,,,,,,,,,,,,,,,,,,,,,,,,,,,,,,,,,,,,,,,,,,,,,,,,,,,,,,,,,,,,,,,,,,,,,,,,,,,,,,,,,,,,,,,,,,,,,,,,,,,,,,,,,,,,,,,,,,,,,,,,,,,,,,,,,,,,,,,,,,,,,,,
W-WT-GER-03A-1999,1999,Berlin,W,1999-05-10,,Clay,,,56,,,LS037,1999-05-10,R64,Miriam Schnitzer,Mariana Diaz Oliva,GER,ARG,,,6-4,6-2,,,190446,40198,W-WT-GER-03A-1999,1999,Miriam Schnitzer,Mariana Diaz Oliva,GER,ARG,,,Q,Miriam Schnitzer,Mariana Diaz Oliva,2,"6-4,6-2",,1999-05-10,,Berlin,,,,,190446,,40198,,,,,,,,,,,,,,,,,,,,,,,,,,,,,,,,,,,,,,,,,,,,,,,,,,,,,,,,,,,,,,,,,,,,,,,,,,,,,,,,,,,,,,,,,,,,,,,,,,,,,,,,,,,,,,,,,,,,,,,,,,,,,,,,,,,,,,,,,,,,,,,,,,,,,,,,,,,,,,,,,,,,,,,,,,,,,,,,,,
W-WT-GER-03A-1999,1999,Berlin,W,1999-05-10,,Clay,,,56,,,LS039,1999-05-10,R64,Silvia Farina Elia,Tara Snyder,ITA,USA,,,6-4,6-1,,,60061,190571,W-WT-GER-03A-1999,1999,Silvia Farina Elia,Tara Snyder,ITA,USA,,,,Silvia Farina Elia,Tara Snyder,2,"6-4,6-1",,1999-05-10,,Berlin,,,,,60061,,190571,,,,,,,,,,,,,,,,,,,,,,,,,,,,,,,,,,,,,,,,,,,,,,,,,,,,,,,,,,,,,,,,,,,,,,,,,,,,,,,,,,,,,,,,,,,,,,,,,,,,,,,,,,,,,,,,,,,,,,,,,,,,,,,,,,,,,,,,,,,,,,,,,,,,,,,,,,,,,,,,,,,,,,,,,,,,,,,,,,
W-WT-GER-03A-1999,1999,Berlin,W,1999-05-10,,Clay,,,56,,,LS041,1999-05-10,R64,Corina Morariu,Sandra Kloesel,USA,GER,,,7-6,6-4,,,130483,110325,W-WT-GER-03A-1999,1999,Corina Morariu,Sandra Kloesel,USA,GER,,,,Corina Morariu,Sandra Kloesel,2,"7-6,6-4",,1999-05-10,,Berlin,,,,,130483,,110325,,,,,,,,,,,,,,,,,,,,,,,,,,,,,,,,,,,,,,,,,,,,,,,,,,,,,,,,,,,,,,,,,,,,,,,,,,,,,,,,,,,,,,,,,,,,,,,,,,,,,,,,,,,,,,,,,,,,,,,,,,,,,,,,,,,,,,,,,,,,,,,,,,,,,,,,,,,,,,,,,,,,,,,,,,,,,,,,,,
W-WT-GER-03A-1999,1999,Berlin,W,1999-05-10,,Clay,,,56,,,LS043,1999-05-10,R64,Sandra Kleinova,Sylvia Plischke,CZE,AUT,,,6-4,6-1,,,110310,160235,W-WT-GER-03A-1999,1999,Sandra Kleinova,Sylvia Plischke,CZE,AUT,,,Q,Sandra Kleinova,Sylvia Plischke,2,"6-4,6-1",,1999-05-10,,Berlin,,,,,110310,,160235,,,,,,,,,,,,,,,,,,,,,,,,,,,,,,,,,,,,,,,,,,,,,,,,,,,,,,,,,,,,,,,,,,,,,,,,,,,,,,,,,,,,,,,,,,,,,,,,,,,,,,,,,,,,,,,,,,,,,,,,,,,,,,,,,,,,,,,,,,,,,,,,,,,,,,,,,,,,,,,,,,,,,,,,,,,,,,,,,,
W-WT-GER-03A-1999,1999,Berlin,W,1999-05-10,,Clay,,,56,,,LS042,1999-05-10,R64,Conchita Martinez,Anne Gaelle Sidot,ESP,FRA,14.0,,7-6,6-2,,,130113,190564,W-WT-GER-03A-1999,1999,Conchita Martinez,Anne Gaelle Sidot,ESP,FRA,14.0,,,Conchita Martinez,Anne Gaelle Sidot,2,"7-6,6-2",,1999-05-10,,Berlin,,,,,130113,,190564,,,,,,,,,,,,,,,,,,,,,,,,,,,,,,,,,,,,,,,,,,,,,,,,,,,,,,,,,,,,,,,,,,,,,,,,,,,,,,,,,,,,,,,,,,,,,,,,,,,,,,,,,,,,,,,,,,,,,,,,,,,,,,,,,,,,,,,,,,,,,,,,,,,,,,,,,,,,,,,,,,,,,,,,,,,,,,,,,,
W-WT-GER-03A-1999,1999,Berlin,W,1999-05-10,,Clay,,,56,,,LS047,1999-05-10,R64,Mary Joe Fernandez,Anna Kournikova,USA,RUS,,9,6-7,6-4,7-6,,,110375,W-WT-GER-03A-1999,1999,Mary Joe Fernandez,Anna Kournikova,USA,RUS,,9,,Mary Joe Fernandez,Anna Kournikova,3,"6-7,6-4,7-6",,1999-05-10,,Berlin,,,,,,,110375,,,,,,,,,,,,,,,,,,,,,,,,,,,,,,,,,,,,,,,,,,,,,,,,,,,,,,,,,,,,,,,,,,,,,,,,,,,,,,,,,,,,,,,,,,,,,,,,,,,,,,,,,,,,,,,,,,,,,,,,,,,,,,,,,,,,,,,,,,,,,,,,,,,,,,,,,,,,,,,,,,,,,,,,,,,,,,,,,,
W-WT-GER-03A-1999,1999,Berlin,W,1999-05-10,,Clay,,,56,,,LS046,1999-05-10,R64,Lisa Raymond,Chanda Rubin,USA,USA,,,6-3,7-6,,,180144,180175,W-WT-GER-03A-1999,1999,Lisa Raymond,Chanda Rubin,USA,USA,,,,Lisa Raymond,Chanda Rubin,2,"6-3,7-6",,1999-05-10,,Berlin,,,,,180144,,180175,,,,,,,,,,,,,,,,,,,,,,,,,,,,,,,,,,,,,,,,,,,,,,,,,,,,,,,,,,,,,,,,,,,,,,,,,,,,,,,,,,,,,,,,,,,,,,,,,,,,,,,,,,,,,,,,,,,,,,,,,,,,,,,,,,,,,,,,,,,,,,,,,,,,,,,,,,,,,,,,,,,,,,,,,,,,,,,,,,
W-WT-GER-03A-1999,1999,Berlin,W,1999-05-10,,Clay,,,56,,,LS045,1999-05-10,R64,Jennifer Capriati,Amanda Hopmans,USA,NED,,,6-4,4-6,6-1,,30200,80260,W-WT-GER-03A-1999,1999,Jennifer Capriati,Amanda Hopmans,USA,NED,,,WC,Jennifer Capriati,Amanda Hopmans,3,"6-4,4-6,6-1",,1999-05-10,,Berlin,,,,,30200,,80260,,,,,,,,,,,,,,,,,,,,,,,,,,,,,,,,,,,,,,,,,,,,,,,,,,,,,,,,,,,,,,,,,,,,,,,,,,,,,,,,,,,,,,,,,,,,,,,,,,,,,,,,,,,,,,,,,,,,,,,,,,,,,,,,,,,,,,,,,,,,,,,,,,,,,,,,,,,,,,,,,,,,,,,,,,,,,,,,,,
W-WT-GER-03A-1999,1999,Berlin,W,1999-05-10,,Clay,,,56,,,LS051,1999-05-10,R64,Anke Huber,Alexandra Fusai,GER,FRA,,,6-4,6-1,,,80150,60127,W-WT-GER-03A-1999,1999,Anke Huber,Alexandra Fusai,GER,FRA,,,,Anke Huber,Alexandra Fusai,2,"6-4,6-1",,1999-05-10,,Berlin,,,,,80150,,60127,,,,,,,,,,,,,,,,,,,,,,,,,,,,,,,,,,,,,,,,,,,,,,,,,,,,,,,,,,,,,,,,,,,,,,,,,,,,,,,,,,,,,,,,,,,,,,,,,,,,,,,,,,,,,,,,,,,,,,,,,,,,,,,,,,,,,,,,,,,,,,,,,,,,,,,,,,,,,,,,,,,,,,,,,,,,,,,,,,
W-WT-GER-03A-1999,1999,Berlin,W,1999-05-10,,Clay,,,56,,,LS048,1999-05-10,R64,Julie Halard Decugis,Brie Rippner,FRA,USA,,,7-6,6-2,,,80005,180310,W-WT-GER-03A-1999,1999,Julie Halard Decugis,Brie Rippner,FRA,USA,,,,Julie Halard Decugis,Brie Rippner,2,"7-6,6-2",,1999-05-10,,Berlin,,,,,80005,,180310,,,,,,,,,,,,,,,,,,,,,,,,,,,,,,,,,,,,,,,,,,,,,,,,,,,,,,,,,,,,,,,,,,,,,,,,,,,,,,,,,,,,,,,,,,,,,,,,,,,,,,,,,,,,,,,,,,,,,,,,,,,,,,,,,,,,,,,,,,,,,,,,,,,,,,,,,,,,,,,,,,,,,,,,,,,,,,,,,,
W-WT-GER-03A-1999,1999,Berlin,W,1999-05-10,,Clay,,,56,,,LS049,1999-05-10,R64,Natalia Zvereva,Andrea Glass,BLR,GER,15.0,,3-6,6-2,6-3,,,70198,W-WT-GER-03A-1999,1999,Natalia Zvereva,Andrea Glass,BLR,GER,15.0,,,Natalia Zvereva,Andrea Glass,3,"3-6,6-2,6-3",,1999-05-10,,Berlin,,,,,,,70198,,,,,,,,,,,,,,,,,,,,,,,,,,,,,,,,,,,,,,,,,,,,,,,,,,,,,,,,,,,,,,,,,,,,,,,,,,,,,,,,,,,,,,,,,,,,,,,,,,,,,,,,,,,,,,,,,,,,,,,,,,,,,,,,,,,,,,,,,,,,,,,,,,,,,,,,,,,,,,,,,,,,,,,,,,,,,,,,,,
W-WT-GER-03A-1999,1999,Berlin,W,1999-05-10,,Clay,,,56,,,LS054,1999-05-10,R64,Cara Black,Irina Spirlea,ZIM,ROU,,13,6-4,1-0,,,20351,190185,W-WT-GER-03A-1999,1999,Cara Black,Irina Spirlea,ZIM,ROU,,13,,Cara Black,Irina Spirlea,2,"6-4,1-0",,1999-05-10,,Berlin,,,,,20351,,190185,,,,,,,,,,,,,,,,,,,,,,,,,,,,,,,,,,,,,,,,,,,,,,,,,,,,,,,,,,,,,,,,,,,,,,,,,,,,,,,,,,,,,,,,,,,,,,,,,,,,,,,,,,,,,,,,,,,,,,,,,,,,,,,,,,,,,,,,,,,,,,,,,,,,,,,,,,,,,,,,,,,,,,,,,,,,,,,,,,
W-WT-GER-03A-1999,1999,Berlin,W,1999-05-10,,Clay,,,56,,,LS055,1999-05-10,R64,Sandra Cacic,Anca Barna,USA,GER,,,7-6,6-7,6-1,,30166,20113,W-WT-GER-03A-1999,1999,Sandra Cacic,Anca Barna,USA,GER,,,Q,Sandra Cacic,Anca Barna,3,"7-6,6-7,6-1",,1999-05-10,,Berlin,,,,,30166,,20113,,,,,,,,,,,,,,,,,,,,,,,,,,,,,,,,,,,,,,,,,,,,,,,,,,,,,,,,,,,,,,,,,,,,,,,,,,,,,,,,,,,,,,,,,,,,,,,,,,,,,,,,,,,,,,,,,,,,,,,,,,,,,,,,,,,,,,,,,,,,,,,,,,,,,,,,,,,,,,,,,,,,,,,,,,,,,,,,,,
W-WT-GER-03A-1999,1999,Berlin,W,1999-05-10,,Clay,,,56,,,LS053,1999-05-10,R64,Sandra Nacuk,Elena Tatarkova,SCG,UKR,,,6-3,4-6,6-3,,140179,200192,W-WT-GER-03A-1999,1999,Sandra Nacuk,Elena Tatarkova,SCG,UKR,,,Q,Sandra Nacuk,Elena Tatarkova,3,"6-3,4-6,6-3",,1999-05-10,,Berlin,,,,,140179,,200192,,,,,,,,,,,,,,,,,,,,,,,,,,,,,,,,,,,,,,,,,,,,,,,,,,,,,,,,,,,,,,,,,,,,,,,,,,,,,,,,,,,,,,,,,,,,,,,,,,,,,,,,,,,,,,,,,,,,,,,,,,,,,,,,,,,,,,,,,,,,,,,,,,,,,,,,,,,,,,,,,,,,,,,,,,,,,,,,,,
W-WT-GER-03A-1999,1999,Berlin,W,1999-05-10,,Clay,,,56,,,LS061,1999-05-10,R64,Barbara Rittner,Kveta Peschke,GER,CZE,,,6-3,6-3,,,180088,80218,W-WT-GER-03A-1999,1999,Barbara Rittner,Kveta Peschke,GER,CZE,,,,Barbara Rittner,Kveta Peschke,2,"6-3,6-3",,1999-05-10,,Berlin,,,,,180088,,80218,,,,,,,,,,,,,,,,,,,,,,,,,,,,,,,,,,,,,,,,,,,,,,,,,,,,,,,,,,,,,,,,,,,,,,,,,,,,,,,,,,,,,,,,,,,,,,,,,,,,,,,,,,,,,,,,,,,,,,,,,,,,,,,,,,,,,,,,,,,,,,,,,,,,,,,,,,,,,,,,,,,,,,,,,,,,,,,,,,
W-WT-GER-03A-1999,1999,Berlin,W,1999-05-10,,Clay,,,56,,,LS062,1999-05-10,R64,Anna Smashnova,Marlene Weingartner,ISR,GER,,,6-0,6-0,,,190361,230202,W-WT-GER-03A-1999,1999,Anna Smashnova,Marlene Weingartner,ISR,GER,,,,Anna Smashnova,Marlene Weingartner,2,"6-0,6-0",,1999-05-10,,Berlin,,,,,190361,,230202,,,,,,,,,,,,,,,,,,,,,,,,,,,,,,,,,,,,,,,,,,,,,,,,,,,,,,,,,,,,,,,,,,,,,,,,,,,,,,,,,,,,,,,,,,,,,,,,,,,,,,,,,,,,,,,,,,,,,,,,,,,,,,,,,,,,,,,,,,,,,,,,,,,,,,,,,,,,,,,,,,,,,,,,,,,,,,,,,,
W-WT-GER-03A-1999,1999,Berlin,W,1999-05-10,,Clay,,,56,,,LS063,1999-05-10,R64,Henrieta Nagyova,Amanda Coetzer,SVK,RSA,,10,6-4,6-1,,,140145,30037,W-WT-GER-03A-1999,1999,Henrieta Nagyova,Amanda Coetzer,SVK,RSA,,10,,Henrieta Nagyova,Amanda Coetzer,2,"6-4,6-1",,1999-05-10,,Berlin,,,,,140145,,30037,,,,,,,,,,,,,,,,,,,,,,,,,,,,,,,,,,,,,,,,,,,,,,,,,,,,,,,,,,,,,,,,,,,,,,,,,,,,,,,,,,,,,,,,,,,,,,,,,,,,,,,,,,,,,,,,,,,,,,,,,,,,,,,,,,,,,,,,,,,,,,,,,,,,,,,,,,,,,,,,,,,,,,,,,,,,,,,,,,
W-WT-GER-03A-1999,1999,Berlin,W,1999-05-10,,Clay,,,56,,,LS058,1999-05-10,R64,Amelie Mauresmo,Emmanuelle Gagliardi,FRA,SUI,12.0,,6-4,6-3,,,130450,70245,W-WT-GER-03A-1999,1999,Amelie Mauresmo,Emmanuelle Gagliardi,FRA,SUI,12.0,,,Amelie Mauresmo,Emmanuelle Gagliardi,2,"6-4,6-3",,1999-05-10,,Berlin,,,,,130450,,70245,,,,,,,,,,,,,,,,,,,,,,,,,,,,,,,,,,,,,,,,,,,,,,,,,,,,,,,,,,,,,,,,,,,,,,,,,,,,,,,,,,,,,,,,,,,,,,,,,,,,,,,,,,,,,,,,,,,,,,,,,,,,,,,,,,,,,,,,,,,,,,,,,,,,,,,,,,,,,,,,,,,,,,,,,,,,,,,,,,
W-WT-GER-03A-1999,1999,Berlin,W,1999-05-10,,Clay,,,56,,,LS059,1999-05-10,R64,Julia Abe,Tatiana Panova,GER,RUS,,,6-4,7-6,,,10143,160254,W-WT-GER-03A-1999,1999,Julia Abe,Tatiana Panova,GER,RUS,,,WC,Julia Abe,Tatiana Panova,2,"6-4,7-6",,1999-05-10,,Berlin,,,,,10143,,160254,,,,,,,,,,,,,,,,,,,,,,,,,,,,,,,,,,,,,,,,,,,,,,,,,,,,,,,,,,,,,,,,,,,,,,,,,,,,,,,,,,,,,,,,,,,,,,,,,,,,,,,,,,,,,,,,,,,,,,,,,,,,,,,,,,,,,,,,,,,,,,,,,,,,,,,,,,,,,,,,,,,,,,,,,,,,,,,,,,
W-WT-GER-03A-1999,1999,Berlin,W,1999-05-10,,Clay,,,56,,,LS056,1999-05-10,R64,Ruxandra Dragomir Ilie,Florencia Labat,ROU,ARG,,,6-3,6-1,,,40163,,W-WT-GER-03A-1999,1999,Ruxandra Dragomir Ilie,Florencia Labat,ROU,ARG,,,,Ruxandra Dragomir Ilie,Florencia Labat,2,"6-3,6-1",,1999-05-10,,Berlin,,,,,40163,,,,,,,,,,,,,,,,,,,,,,,,,,,,,,,,,,,,,,,,,,,,,,,,,,,,,,,,,,,,,,,,,,,,,,,,,,,,,,,,,,,,,,,,,,,,,,,,,,,,,,,,,,,,,,,,,,,,,,,,,,,,,,,,,,,,,,,,,,,,,,,,,,,,,,,,,,,,,,,,,,,,,,,,,,,,,,,,,,,,
W-WT-GER-03A-1999,1999,Berlin,W,1999-05-10,,Clay,,,56,,,LS016,1999-05-10,R32,Martina Hingis,Gala Leon Garcia,SUI,ESP,1.0,,6-3,6-2,,,80301,120176,W-WT-GER-03A-1999,1999,Martina Hingis,Gala Leon Garcia,SUI,ESP,1.0,,,Martina Hingis,Gala Leon Garcia,2,"6-3,6-2",,1999-05-10,,Berlin,,,,,80301,,120176,,,,,,,,,,,,,,,,,,,,,,,,,,,,,,,,,,,,,,,,,,,,,,,,,,,,,,,,,,,,,,,,,,,,,,,,,,,,,,,,,,,,,,,,,,,,,,,,,,,,,,,,,,,,,,,,,,,,,,,,,,,,,,,,,,,,,,,,,,,,,,,,,,,,,,,,,,,,,,,,,,,,,,,,,,,,,,,,,,
W-WT-GER-03A-1999,1999,Berlin,W,1999-05-10,,Clay,,,56,,,LS017,1999-05-10,R32,Elena Likhovtseva,Dominique Monami,RUS,BEL,,11,6-3,7-5,,,120151,,W-WT-GER-03A-1999,1999,Elena Likhovtseva,Dominique Monami,RUS,BEL,,11,,Elena Likhovtseva,Dominique Monami,2,"6-3,7-5",,1999-05-10,,Berlin,,,,,120151,,,,,,,,,,,,,,,,,,,,,,,,,,,,,,,,,,,,,,,,,,,,,,,,,,,,,,,,,,,,,,,,,,,,,,,,,,,,,,,,,,,,,,,,,,,,,,,,,,,,,,,,,,,,,,,,,,,,,,,,,,,,,,,,,,,,,,,,,,,,,,,,,,,,,,,,,,,,,,,,,,,,,,,,,,,,,,,,,,,,
W-WT-GER-03A-1999,1999,Berlin,W,1999-05-10,,Clay,,,56,,,LS018,1999-05-10,R32,Barbara Schett,Miriam Schnitzer,AUT,GER,16.0,,6-0,6-3,,,190349,190446,W-WT-GER-03A-1999,1999,Barbara Schett,Miriam Schnitzer,AUT,GER,16.0,,,Barbara Schett,Miriam Schnitzer,2,"6-0,6-3",,1999-05-10,,Berlin,,,,,190349,,190446,,,,,,,,,,,,,,,,,,,,,,,,,,,,,,,,,,,,,,,,,,,,,,,,,,,,,,,,,,,,,,,,,,,,,,,,,,,,,,,,,,,,,,,,,,,,,,,,,,,,,,,,,,,,,,,,,,,,,,,,,,,,,,,,,,,,,,,,,,,,,,,,,,,,,,,,,,,,,,,,,,,,,,,,,,,,,,,,,,
W-WT-GER-03A-1999,1999,Berlin,W,1999-05-10,,Clay,,,56,,,LS019,1999-05-10,R32,Nathalie Tauziat,Silvia Farina Elia,FRA,ITA,6.0,,6-2,6-3,,,200011,60061,W-WT-GER-03A-1999,1999,Nathalie Tauziat,Silvia Farina Elia,FRA,ITA,6.0,,,Nathalie Tauziat,Silvia Farina Elia,2,"6-2,6-3",,1999-05-10,,Berlin,,,,,200011,,60061,,,,,,,,,,,,,,,,,,,,,,,,,,,,,,,,,,,,,,,,,,,,,,,,,,,,,,,,,,,,,,,,,,,,,,,,,,,,,,,,,,,,,,,,,,,,,,,,,,,,,,,,,,,,,,,,,,,,,,,,,,,,,,,,,,,,,,,,,,,,,,,,,,,,,,,,,,,,,,,,,,,,,,,,,,,,,,,,,,
W-WT-GER-03A-1999,1999,Berlin,W,1999-05-10,,Clay,,,56,,,LS020,1999-05-10,R32,Arantxa Sanchez Vicario,Corina Morariu,ESP,USA,4.0,,7-6,6-7,7-6,,190008,130483,W-WT-GER-03A-1999,1999,Arantxa Sanchez Vicario,Corina Morariu,ESP,USA,4.0,,,Arantxa Sanchez Vicario,Corina Morariu,3,"7-6,6-7,7-6",,1999-05-10,,Berlin,,,,,190008,,130483,,,,,,,,,,,,,,,,,,,,,,,,,,,,,,,,,,,,,,,,,,,,,,,,,,,,,,,,,,,,,,,,,,,,,,,,,,,,,,,,,,,,,,,,,,,,,,,,,,,,,,,,,,,,,,,,,,,,,,,,,,,,,,,,,,,,,,,,,,,,,,,,,,,,,,,,,,,,,,,,,,,,,,,,,,,,,,,,,,
W-WT-GER-03A-1999,1999,Berlin,W,1999-05-10,,Clay,,,56,,,LS021,1999-05-10,R32,Conchita Martinez,Sandra Kleinova,ESP,CZE,14.0,,6-4,6-0,,,130113,110310,W-WT-GER-03A-1999,1999,Conchita Martinez,Sandra Kleinova,ESP,CZE,14.0,,,Conchita Martinez,Sandra Kleinova,2,"6-4,6-0",,1999-05-10,,Berlin,,,,,130113,,110310,,,,,,,,,,,,,,,,,,,,,,,,,,,,,,,,,,,,,,,,,,,,,,,,,,,,,,,,,,,,,,,,,,,,,,,,,,,,,,,,,,,,,,,,,,,,,,,,,,,,,,,,,,,,,,,,,,,,,,,,,,,,,,,,,,,,,,,,,,,,,,,,,,,,,,,,,,,,,,,,,,,,,,,,,,,,,,,,,,
W-WT-GER-03A-1999,1999,Berlin,W,1999-05-10,,Clay,,,56,,,LS023,1999-05-10,R32,Lisa Raymond,Mary Joe Fernandez,USA,USA,,,3-6,6-1,6-0,,180144,,W-WT-GER-03A-1999,1999,Lisa Raymond,Mary Joe Fernandez,USA,USA,,,,Lisa Raymond,Mary Joe Fernandez,3,"3-6,6-1,6-0",,1999-05-10,,Berlin,,,,,180144,,,,,,,,,,,,,,,,,,,,,,,,,,,,,,,,,,,,,,,,,,,,,,,,,,,,,,,,,,,,,,,,,,,,,,,,,,,,,,,,,,,,,,,,,,,,,,,,,,,,,,,,,,,,,,,,,,,,,,,,,,,,,,,,,,,,,,,,,,,,,,,,,,,,,,,,,,,,,,,,,,,,,,,,,,,,,,,,,,,,
W-WT-GER-03A-1999,1999,Berlin,W,1999-05-10,,Clay,,,56,,,LS022,1999-05-10,R32,Serena Williams,Jennifer Capriati,USA,USA,7.0,,7-6,6-3,,,230234,30200,W-WT-GER-03A-1999,1999,Serena Williams,Jennifer Capriati,USA,USA,7.0,,,Serena Williams,Jennifer Capriati,2,"7-6,6-3",,1999-05-10,,Berlin,,,,,230234,,30200,,,,,,,,,,,,,,,,,,,,,,,,,,,,,,,,,,,,,,,,,,,,,,,,,,,,,,,,,,,,,,,,,,,,,,,,,,,,,,,,,,,,,,,,,,,,,,,,,,,,,,,,,,,,,,,,,,,,,,,,,,,,,,,,,,,,,,,,,,,,,,,,,,,,,,,,,,,,,,,,,,,,,,,,,,,,,,,,,,
W-WT-GER-03A-1999,1999,Berlin,W,1999-05-10,,Clay,,,56,,,LS025,1999-05-10,R32,Pavlina Nola,Anke Huber,NZL,GER,,,4-6,6-4,6-4,,190500,80150,W-WT-GER-03A-1999,1999,Pavlina Nola,Anke Huber,NZL,GER,,,LL,Pavlina Nola,Anke Huber,3,"4-6,6-4,6-4",,1999-05-10,,Berlin,,,,,190500,,80150,,,,,,,,,,,,,,,,,,,,,,,,,,,,,,,,,,,,,,,,,,,,,,,,,,,,,,,,,,,,,,,,,,,,,,,,,,,,,,,,,,,,,,,,,,,,,,,,,,,,,,,,,,,,,,,,,,,,,,,,,,,,,,,,,,,,,,,,,,,,,,,,,,,,,,,,,,,,,,,,,,,,,,,,,,,,,,,,,,
W-WT-GER-03A-1999,1999,Berlin,W,1999-05-10,,Clay,,,56,,,LS024,1999-05-10,R32,Julie Halard Decugis,Natalia Zvereva,FRA,BLR,,15,6-2,6-0,,,80005,,W-WT-GER-03A-1999,1999,Julie Halard Decugis,Natalia Zvereva,FRA,BLR,,15,,Julie Halard Decugis,Natalia Zvereva,2,"6-2,6-0",,1999-05-10,,Berlin,,,,,80005,,,,,,,,,,,,,,,,,,,,,,,,,,,,,,,,,,,,,,,,,,,,,,,,,,,,,,,,,,,,,,,,,,,,,,,,,,,,,,,,,,,,,,,,,,,,,,,,,,,,,,,,,,,,,,,,,,,,,,,,,,,,,,,,,,,,,,,,,,,,,,,,,,,,,,,,,,,,,,,,,,,,,,,,,,,,,,,,,,,,
W-WT-GER-03A-1999,1999,Berlin,W,1999-05-10,,Clay,,,56,,,LS027,1999-05-10,R32,Cara Black,Sandra Cacic,ZIM,USA,,,6-0,6-1,,,20351,30166,W-WT-GER-03A-1999,1999,Cara Black,Sandra Cacic,ZIM,USA,,,,Cara Black,Sandra Cacic,2,"6-0,6-1",,1999-05-10,,Berlin,,,,,20351,,30166,,,,,,,,,,,,,,,,,,,,,,,,,,,,,,,,,,,,,,,,,,,,,,,,,,,,,,,,,,,,,,,,,,,,,,,,,,,,,,,,,,,,,,,,,,,,,,,,,,,,,,,,,,,,,,,,,,,,,,,,,,,,,,,,,,,,,,,,,,,,,,,,,,,,,,,,,,,,,,,,,,,,,,,,,,,,,,,,,,
W-WT-GER-03A-1999,1999,Berlin,W,1999-05-10,,Clay,,,56,,,LS026,1999-05-10,R32,Steffi Graf,Sandra Nacuk,GER,SCG,3.0,,2-6,6-3,6-4,,,140179,W-WT-GER-03A-1999,1999,Steffi Graf,Sandra Nacuk,GER,SCG,3.0,,,Steffi Graf,Sandra Nacuk,3,"2-6,6-3,6-4",,1999-05-10,,Berlin,,,,,,,140179,,,,,,,,,,,,,,,,,,,,,,,,,,,,,,,,,,,,,,,,,,,,,,,,,,,,,,,,,,,,,,,,,,,,,,,,,,,,,,,,,,,,,,,,,,,,,,,,,,,,,,,,,,,,,,,,,,,,,,,,,,,,,,,,,,,,,,,,,,,,,,,,,,,,,,,,,,,,,,,,,,,,,,,,,,,,,,,,,,
W-WT-GER-03A-1999,1999,Berlin,W,1999-05-10,,Clay,,,56,,,LS030,1999-05-10,R32,Patty Schnyder,Barbara Rittner,SUI,GER,8.0,,6-4,6-4,,,190519,180088,W-WT-GER-03A-1999,1999,Patty Schnyder,Barbara Rittner,SUI,GER,8.0,,,Patty Schnyder,Barbara Rittner,2,"6-4,6-4",,1999-05-10,,Berlin,,,,,190519,,180088,,,,,,,,,,,,,,,,,,,,,,,,,,,,,,,,,,,,,,,,,,,,,,,,,,,,,,,,,,,,,,,,,,,,,,,,,,,,,,,,,,,,,,,,,,,,,,,,,,,,,,,,,,,,,,,,,,,,,,,,,,,,,,,,,,,,,,,,,,,,,,,,,,,,,,,,,,,,,,,,,,,,,,,,,,,,,,,,,,
W-WT-GER-03A-1999,1999,Berlin,W,1999-05-10,,Clay,,,56,,,LS031,1999-05-10,R32,Anna Smashnova,Henrieta Nagyova,ISR,SVK,,,3-6,6-4,6-0,,190361,140145,W-WT-GER-03A-1999,1999,Anna Smashnova,Henrieta Nagyova,ISR,SVK,,,,Anna Smashnova,Henrieta Nagyova,3,"3-6,6-4,6-0",,1999-05-10,,Berlin,,,,,190361,,140145,,,,,,,,,,,,,,,,,,,,,,,,,,,,,,,,,,,,,,,,,,,,,,,,,,,,,,,,,,,,,,,,,,,,,,,,,,,,,,,,,,,,,,,,,,,,,,,,,,,,,,,,,,,,,,,,,,,,,,,,,,,,,,,,,,,,,,,,,,,,,,,,,,,,,,,,,,,,,,,,,,,,,,,,,,,,,,,,,,
W-WT-GER-03A-1999,1999,Berlin,W,1999-05-10,,Clay,,,56,,,LS029,1999-05-10,R32,Amelie Mauresmo,Julia Abe,FRA,GER,12.0,,7-5,4-6,6-2,,130450,10143,W-WT-GER-03A-1999,1999,Amelie Mauresmo,Julia Abe,FRA,GER,12.0,,,Amelie Mauresmo,Julia Abe,3,"7-5,4-6,6-2",,1999-05-10,,Berlin,,,,,130450,,10143,,,,,,,,,,,,,,,,,,,,,,,,,,,,,,,,,,,,,,,,,,,,,,,,,,,,,,,,,,,,,,,,,,,,,,,,,,,,,,,,,,,,,,,,,,,,,,,,,,,,,,,,,,,,,,,,,,,,,,,,,,,,,,,,,,,,,,,,,,,,,,,,,,,,,,,,,,,,,,,,,,,,,,,,,,,,,,,,,,
W-WT-GER-03A-1999,1999,Berlin,W,1999-05-10,,Clay,,,56,,,LS028,1999-05-10,R32,Ruxandra Dragomir Ilie,Jana Novotna,ROU,CZE,,2,7-6,6-2,,,40163,,W-WT-GER-03A-1999,1999,Ruxandra Dragomir Ilie,Jana Novotna,ROU,CZE,,2,,Ruxandra Dragomir Ilie,Jana Novotna,2,"7-6,6-2",,1999-05-10,,Berlin,,,,,40163,,,,,,,,,,,,,,,,,,,,,,,,,,,,,,,,,,,,,,,,,,,,,,,,,,,,,,,,,,,,,,,,,,,,,,,,,,,,,,,,,,,,,,,,,,,,,,,,,,,,,,,,,,,,,,,,,,,,,,,,,,,,,,,,,,,,,,,,,,,,,,,,,,,,,,,,,,,,,,,,,,,,,,,,,,,,,,,,,,,,
W-WT-GER-03A-1999,1999,Berlin,W,1999-05-10,,Clay,,,56,,,LS008,1999-05-10,R16,Martina Hingis,Elena Likhovtseva,SUI,RUS,1.0,,6-4,6-1,,,80301,120151,W-WT-GER-03A-1999,1999,Martina Hingis,Elena Likhovtseva,SUI,RUS,1.0,,,Martina Hingis,Elena Likhovtseva,2,"6-4,6-1",,1999-05-10,,Berlin,,,,,80301,,120151,,,,,,,,,,,,,,,,,,,,,,,,,,,,,,,,,,,,,,,,,,,,,,,,,,,,,,,,,,,,,,,,,,,,,,,,,,,,,,,,,,,,,,,,,,,,,,,,,,,,,,,,,,,,,,,,,,,,,,,,,,,,,,,,,,,,,,,,,,,,,,,,,,,,,,,,,,,,,,,,,,,,,,,,,,,,,,,,,,
W-WT-GER-03A-1999,1999,Berlin,W,1999-05-10,,Clay,,,56,,,LS009,1999-05-10,R16,Barbara Schett,Nathalie Tauziat,AUT,FRA,16.0,6,6-1,4-6,7-6,,190349,200011,W-WT-GER-03A-1999,1999,Barbara Schett,Nathalie Tauziat,AUT,FRA,16.0,6,,Barbara Schett,Nathalie Tauziat,3,"6-1,4-6,7-6",,1999-05-10,,Berlin,,,,,190349,,200011,,,,,,,,,,,,,,,,,,,,,,,,,,,,,,,,,,,,,,,,,,,,,,,,,,,,,,,,,,,,,,,,,,,,,,,,,,,,,,,,,,,,,,,,,,,,,,,,,,,,,,,,,,,,,,,,,,,,,,,,,,,,,,,,,,,,,,,,,,,,,,,,,,,,,,,,,,,,,,,,,,,,,,,,,,,,,,,,,,
W-WT-GER-03A-1999,1999,Berlin,W,1999-05-10,,Clay,,,56,,,LS010,1999-05-10,R16,Arantxa Sanchez Vicario,Conchita Martinez,ESP,ESP,4.0,14,6-1,0-6,7-5,,190008,130113,W-WT-GER-03A-1999,1999,Arantxa Sanchez Vicario,Conchita Martinez,ESP,ESP,4.0,14,,Arantxa Sanchez Vicario,Conchita Martinez,3,"6-1,0-6,7-5",,1999-05-10,,Berlin,,,,,190008,,130113,,,,,,,,,,,,,,,,,,,,,,,,,,,,,,,,,,,,,,,,,,,,,,,,,,,,,,,,,,,,,,,,,,,,,,,,,,,,,,,,,,,,,,,,,,,,,,,,,,,,,,,,,,,,,,,,,,,,,,,,,,,,,,,,,,,,,,,,,,,,,,,,,,,,,,,,,,,,,,,,,,,,,,,,,,,,,,,,,,
W-WT-GER-03A-1999,1999,Berlin,W,1999-05-10,,Clay,,,56,,,LS011,1999-05-10,R16,Serena Williams,Lisa Raymond,USA,USA,7.0,,6-1,7-6,,,230234,180144,W-WT-GER-03A-1999,1999,Serena Williams,Lisa Raymond,USA,USA,7.0,,,Serena Williams,Lisa Raymond,2,"6-1,7-6",,1999-05-10,,Berlin,,,,,230234,,180144,,,,,,,,,,,,,,,,,,,,,,,,,,,,,,,,,,,,,,,,,,,,,,,,,,,,,,,,,,,,,,,,,,,,,,,,,,,,,,,,,,,,,,,,,,,,,,,,,,,,,,,,,,,,,,,,,,,,,,,,,,,,,,,,,,,,,,,,,,,,,,,,,,,,,,,,,,,,,,,,,,,,,,,,,,,,,,,,,,
W-WT-GER-03A-1999,1999,Berlin,W,1999-05-10,,Clay,,,56,,,LS012,1999-05-10,R16,Julie Halard Decugis,Pavlina Nola,FRA,NZL,,,6-1,6-0,,,80005,190500,W-WT-GER-03A-1999,1999,Julie Halard Decugis,Pavlina Nola,FRA,NZL,,,,Julie Halard Decugis,Pavlina Nola,2,"6-1,6-0",,1999-05-10,,Berlin,,,,,80005,,190500,,,,,,,,,,,,,,,,,,,,,,,,,,,,,,,,,,,,,,,,,,,,,,,,,,,,,,,,,,,,,,,,,,,,,,,,,,,,,,,,,,,,,,,,,,,,,,,,,,,,,,,,,,,,,,,,,,,,,,,,,,,,,,,,,,,,,,,,,,,,,,,,,,,,,,,,,,,,,,,,,,,,,,,,,,,,,,,,,,
W-WT-GER-03A-1999,1999,Berlin,W,1999-05-10,,Clay,,,56,,,LS013,1999-05-10,R16,Steffi Graf,Cara Black,GER,ZIM,3.0,,7-6,6-2,,,,20351,W-WT-GER-03A-1999,1999,Steffi Graf,Cara Black,GER,ZIM,3.0,,,Steffi Graf,Cara Black,2,"7-6,6-2",,1999-05-10,,Berlin,,,,,,,20351,,,,,,,,,,,,,,,,,,,,,,,,,,,,,,,,,,,,,,,,,,,,,,,,,,,,,,,,,,,,,,,,,,,,,,,,,,,,,,,,,,,,,,,,,,,,,,,,,,,,,,,,,,,,,,,,,,,,,,,,,,,,,,,,,,,,,,,,,,,,,,,,,,,,,,,,,,,,,,,,,,,,,,,,,,,,,,,,,,
W-WT-GER-03A-1999,1999,Berlin,W,1999-05-10,,Clay,,,56,,,LS015,1999-05-10,R16,Patty Schnyder,Anna Smashnova,SUI,ISR,8.0,,2-6,7-6,6-1,,190519,190361,W-WT-GER-03A-1999,1999,Patty Schnyder,Anna Smashnova,SUI,ISR,8.0,,,Patty Schnyder,Anna Smashnova,3,"2-6,7-6,6-1",,1999-05-10,,Berlin,,,,,190519,,190361,,,,,,,,,,,,,,,,,,,,,,,,,,,,,,,,,,,,,,,,,,,,,,,,,,,,,,,,,,,,,,,,,,,,,,,,,,,,,,,,,,,,,,,,,,,,,,,,,,,,,,,,,,,,,,,,,,,,,,,,,,,,,,,,,,,,,,,,,,,,,,,,,,,,,,,,,,,,,,,,,,,,,,,,,,,,,,,,,,
W-WT-GER-03A-1999,1999,Berlin,W,1999-05-10,,Clay,,,56,,,LS014,1999-05-10,R16,Ruxandra Dragomir Ilie,Amelie Mauresmo,ROU,FRA,,12,6-2,7-5,,,40163,130450,W-WT-GER-03A-1999,1999,Ruxandra Dragomir Ilie,Amelie Mauresmo,ROU,FRA,,12,,Ruxandra Dragomir Ilie,Amelie Mauresmo,2,"6-2,7-5",,1999-05-10,,Berlin,,,,,40163,,130450,,,,,,,,,,,,,,,,,,,,,,,,,,,,,,,,,,,,,,,,,,,,,,,,,,,,,,,,,,,,,,,,,,,,,,,,,,,,,,,,,,,,,,,,,,,,,,,,,,,,,,,,,,,,,,,,,,,,,,,,,,,,,,,,,,,,,,,,,,,,,,,,,,,,,,,,,,,,,,,,,,,,,,,,,,,,,,,,,,
W-WT-GER-03A-1999,1999,Berlin,W,1999-05-10,,Clay,,,56,,,LS004,1999-05-10,QF,Martina Hingis,Barbara Schett,SUI,AUT,1.0,16,7-5,7-5,,,80301,190349,W-WT-GER-03A-1999,1999,Martina Hingis,Barbara Schett,SUI,AUT,1.0,16,,Martina Hingis,Barbara Schett,2,"7-5,7-5",,1999-05-10,,Berlin,,,,,80301,,190349,,,,,,,,,,,,,,,,,,,,,,,,,,,,,,,,,,,,,,,,,,,,,,,,,,,,,,,,,,,,,,,,,,,,,,,,,,,,,,,,,,,,,,,,,,,,,,,,,,,,,,,,,,,,,,,,,,,,,,,,,,,,,,,,,,,,,,,,,,,,,,,,,,,,,,,,,,,,,,,,,,,,,,,,,,,,,,,,,,
W-WT-GER-03A-1999,1999,Berlin,W,1999-05-10,,Clay,,,56,,,LS005,1999-05-10,QF,Arantxa Sanchez Vicario,Serena Williams,ESP,USA,4.0,7,6-3,3-2,,,190008,230234,W-WT-GER-03A-1999,1999,Arantxa Sanchez Vicario,Serena Williams,ESP,USA,4.0,7,,Arantxa Sanchez Vicario,Serena Williams,2,"6-3,3-2",,1999-05-10,,Berlin,,,,,190008,,230234,,,,,,,,,,,,,,,,,,,,,,,,,,,,,,,,,,,,,,,,,,,,,,,,,,,,,,,,,,,,,,,,,,,,,,,,,,,,,,,,,,,,,,,,,,,,,,,,,,,,,,,,,,,,,,,,,,,,,,,,,,,,,,,,,,,,,,,,,,,,,,,,,,,,,,,,,,,,,,,,,,,,,,,,,,,,,,,,,,
W-WT-GER-03A-1999,1999,Berlin,W,1999-05-10,,Clay,,,56,,,LS006,1999-05-10,QF,Julie Halard Decugis,Steffi Graf,FRA,GER,,3,5-7,6-4,6-4,,80005,,W-WT-GER-03A-1999,1999,Julie Halard Decugis,Steffi Graf,FRA,GER,,3,,Julie Halard Decugis,Steffi Graf,3,"5-7,6-4,6-4",,1999-05-10,,Berlin,,,,,80005,,,,,,,,,,,,,,,,,,,,,,,,,,,,,,,,,,,,,,,,,,,,,,,,,,,,,,,,,,,,,,,,,,,,,,,,,,,,,,,,,,,,,,,,,,,,,,,,,,,,,,,,,,,,,,,,,,,,,,,,,,,,,,,,,,,,,,,,,,,,,,,,,,,,,,,,,,,,,,,,,,,,,,,,,,,,,,,,,,,,
W-WT-GER-03A-1999,1999,Berlin,W,1999-05-10,,Clay,,,56,,,LS007,1999-05-10,QF,Ruxandra Dragomir Ilie,Patty Schnyder,ROU,SUI,,8,3-6,6-1,6-1,,40163,190519,W-WT-GER-03A-1999,1999,Ruxandra Dragomir Ilie,Patty Schnyder,ROU,SUI,,8,,Ruxandra Dragomir Ilie,Patty Schnyder,3,"3-6,6-1,6-1",,1999-05-10,,Berlin,,,,,40163,,190519,,,,,,,,,,,,,,,,,,,,,,,,,,,,,,,,,,,,,,,,,,,,,,,,,,,,,,,,,,,,,,,,,,,,,,,,,,,,,,,,,,,,,,,,,,,,,,,,,,,,,,,,,,,,,,,,,,,,,,,,,,,,,,,,,,,,,,,,,,,,,,,,,,,,,,,,,,,,,,,,,,,,,,,,,,,,,,,,,,
W-WT-GER-03A-1999,1999,Berlin,W,1999-05-10,,Clay,,,56,,,LS002,1999-05-10,SF,Martina Hingis,Arantxa Sanchez Vicario,SUI,ESP,1.0,4,6-4,6-0,,,80301,190008,W-WT-GER-03A-1999,1999,Martina Hingis,Arantxa Sanchez Vicario,SUI,ESP,1.0,4,,Martina Hingis,Arantxa Sanchez Vicario,2,"6-4,6-0",,1999-05-10,,Berlin,,,,,80301,,190008,,,,,,,,,,,,,,,,,,,,,,,,,,,,,,,,,,,,,,,,,,,,,,,,,,,,,,,,,,,,,,,,,,,,,,,,,,,,,,,,,,,,,,,,,,,,,,,,,,,,,,,,,,,,,,,,,,,,,,,,,,,,,,,,,,,,,,,,,,,,,,,,,,,,,,,,,,,,,,,,,,,,,,,,,,,,,,,,,,
W-WT-GER-03A-1999,1999,Berlin,W,1999-05-10,,Clay,,,56,,,LS003,1999-05-10,SF,Julie Halard Decugis,Ruxandra Dragomir Ilie,FRA,ROU,,,6-2,6-2,,,80005,40163,W-WT-GER-03A-1999,1999,Julie Halard Decugis,Ruxandra Dragomir Ilie,FRA,ROU,,,,Julie Halard Decugis,Ruxandra Dragomir Ilie,2,"6-2,6-2",,1999-05-10,,Berlin,,,,,80005,,40163,,,,,,,,,,,,,,,,,,,,,,,,,,,,,,,,,,,,,,,,,,,,,,,,,,,,,,,,,,,,,,,,,,,,,,,,,,,,,,,,,,,,,,,,,,,,,,,,,,,,,,,,,,,,,,,,,,,,,,,,,,,,,,,,,,,,,,,,,,,,,,,,,,,,,,,,,,,,,,,,,,,,,,,,,,,,,,,,,,
W-WT-GER-03A-1999,1999,Berlin,W,1999-05-10,,Clay,,,56,,,LS001,1999-05-10,F,Martina Hingis,Julie Halard Decugis,SUI,FRA,1.0,,6-0,6-1,,,80301,80005,W-WT-GER-03A-1999,1999,Martina Hingis,Julie Halard Decugis,SUI,FRA,1.0,,,Martina Hingis,Julie Halard Decugis,2,"6-0,6-1",,1999-05-10,,Berlin,,,,,80301,,80005,,,,,,,,,,,,,,,,,,,,,,,,,,,,,,,,,,,,,,,,,,,,,,,,,,,,,,,,,,,,,,,,,,,,,,,,,,,,,,,,,,,,,,,,,,,,,,,,,,,,,,,,,,,,,,,,,,,,,,,,,,,,,,,,,,,,,,,,,,,,,,,,,,,,,,,,,,,,,,,,,,,,,,,,,,,,,,,,,,
W-WT-GER-03A-1999,1999,Berlin,W,1999-05-10,,Clay,,,64,,,LS040,,R64,Arantxa Sanchez Vicario,BYE,ESP,JPN,,,,,,,,,W-WT-GER-03A-1999,1999,Arantxa Sanchez Vicario,BYE,ESP,JPN,,,,Arantxa Sanchez Vicario,BYE,,,,1999-05-10,,Berlin,,,,,120176,,190353,,,,,,,,,,,,,,,,,,,,,,,,,,,,,,,,,,,,,,,,,,,,,,,,,,,,,,,,,,,,,,,,,,,,,,,,,,,,,,,,,,,,,,,,,,,,,,,,,,,,,,,,,,,,,,,,,,,,,,,,,,,,,,,,,,,,,,,,,,,,,,,,,,,,,,,,,,,,,,,,,,,,,,,,Arantxa Sanchez Vicario,BYE,,,,,,,,,
W-WT-GER-03A-1999,1999,Berlin,W,1999-05-10,,Clay,,,64,,,LS057,,R64,Jana Novotna,BYE,ESP,JPN,,,,,,,,,W-WT-GER-03A-1999,1999,Jana Novotna,BYE,ESP,JPN,,,,Jana Novotna,BYE,,,,1999-05-10,,Berlin,,,,,120176,,190353,,,,,,,,,,,,,,,,,,,,,,,,,,,,,,,,,,,,,,,,,,,,,,,,,,,,,,,,,,,,,,,,,,,,,,,,,,,,,,,,,,,,,,,,,,,,,,,,,,,,,,,,,,,,,,,,,,,,,,,,,,,,,,,,,,,,,,,,,,,,,,,,,,,,,,,,,,,,,,,,,,,,,,,,Jana Novotna,BYE,,,,,,,,,
W-WT-GER-03A-1999,1999,Berlin,W,1999-05-10,,Clay,,,64,,,LS032,,R64,Martina Hingis,BYE,ESP,JPN,,,,,,,,,W-WT-GER-03A-1999,1999,Martina Hingis,BYE,ESP,JPN,,,,Martina Hingis,BYE,,,,1999-05-10,,Berlin,,,,,120176,,190353,,,,,,,,,,,,,,,,,,,,,,,,,,,,,,,,,,,,,,,,,,,,,,,,,,,,,,,,,,,,,,,,,,,,,,,,,,,,,,,,,,,,,,,,,,,,,,,,,,,,,,,,,,,,,,,,,,,,,,,,,,,,,,,,,,,,,,,,,,,,,,,,,,,,,,,,,,,,,,,,,,,,,,,,Martina Hingis,BYE,,,,,,,,,
W-WT-GER-03A-1999,1999,Berlin,W,1999-05-10,,Clay,,,64,,,LS038,,R64,Nathalie Tauziat,BYE,ESP,JPN,,,,,,,,,W-WT-GER-03A-1999,1999,Nathalie Tauziat,BYE,ESP,JPN,,,,Nathalie Tauziat,BYE,,,,1999-05-10,,Berlin,,,,,120176,,190353,,,,,,,,,,,,,,,,,,,,,,,,,,,,,,,,,,,,,,,,,,,,,,,,,,,,,,,,,,,,,,,,,,,,,,,,,,,,,,,,,,,,,,,,,,,,,,,,,,,,,,,,,,,,,,,,,,,,,,,,,,,,,,,,,,,,,,,,,,,,,,,,,,,,,,,,,,,,,,,,,,,,,,,,Nathalie Tauziat,BYE,,,,,,,,,
W-WT-GER-03A-1999,1999,Berlin,W,1999-05-10,,Clay,,,64,,,LS060,,R64,Patty Schnyder,BYE,ESP,JPN,,,,,,,,,W-WT-GER-03A-1999,1999,Patty Schnyder,BYE,ESP,JPN,,,,Patty Schnyder,BYE,,,,1999-05-10,,Berlin,,,,,120176,,190353,,,,,,,,,,,,,,,,,,,,,,,,,,,,,,,,,,,,,,,,,,,,,,,,,,,,,,,,,,,,,,,,,,,,,,,,,,,,,,,,,,,,,,,,,,,,,,,,,,,,,,,,,,,,,,,,,,,,,,,,,,,,,,,,,,,,,,,,,,,,,,,,,,,,,,,,,,,,,,,,,,,,,,,,Patty Schnyder,BYE,,,,,,,,,
W-WT-GER-03A-1999,1999,Berlin,W,1999-05-10,,Clay,,,64,,,LS050,,R64,Pavlina Nola,BYE,ESP,JPN,,,,,,,,,W-WT-GER-03A-1999,1999,Pavlina Nola,BYE,ESP,JPN,,,,Pavlina Nola,BYE,,,,1999-05-10,,Berlin,,,,,120176,,190353,,,,,,,,,,,,,,,,,,,,,,,,,,,,,,,,,,,,,,,,,,,,,,,,,,,,,,,,,,,,,,,,,,,,,,,,,,,,,,,,,,,,,,,,,,,,,,,,,,,,,,,,,,,,,,,,,,,,,,,,,,,,,,,,,,,,,,,,,,,,,,,,,,,,,,,,,,,,,,,,,,,,,,,,Pavlina Nola,BYE,,,,,,,,,
W-WT-GER-03A-1999,1999,Berlin,W,1999-05-10,,Clay,,,64,,,LS044,,R64,Serena Williams,BYE,ESP,JPN,,,,,,,,,W-WT-GER-03A-1999,1999,Serena Williams,BYE,ESP,JPN,,,,Serena Williams,BYE,,,,1999-05-10,,Berlin,,,,,120176,,190353,,,,,,,,,,,,,,,,,,,,,,,,,,,,,,,,,,,,,,,,,,,,,,,,,,,,,,,,,,,,,,,,,,,,,,,,,,,,,,,,,,,,,,,,,,,,,,,,,,,,,,,,,,,,,,,,,,,,,,,,,,,,,,,,,,,,,,,,,,,,,,,,,,,,,,,,,,,,,,,,,,,,,,,,Serena Williams,BYE,,,,,,,,,
W-WT-GER-03A-1999,1999,Berlin,W,1999-05-10,,Clay,,,64,,,LS052,,R64,Steffi Graf,BYE,ESP,JPN,,,,,,,,,W-WT-GER-03A-1999,1999,Steffi Graf,BYE,ESP,JPN,,,,Steffi Graf,BYE,,,,1999-05-10,,Berlin,,,,,120176,,190353,,,,,,,,,,,,,,,,,,,,,,,,,,,,,,,,,,,,,,,,,,,,,,,,,,,,,,,,,,,,,,,,,,,,,,,,,,,,,,,,,,,,,,,,,,,,,,,,,,,,,,,,,,,,,,,,,,,,,,,,,,,,,,,,,,,,,,,,,,,,,,,,,,,,,,,,,,,,,,,,,,,,,,,,Steffi Graf,BYE,,,,,,,,,
