full_name,ranking,points,date
Roger Federer,1,6335,2005-01-03
Andy Roddick,2,3655,2005-01-03
Lleyton Hewitt,3,3590,2005-01-03
Marat Safin,4,3060,2005-01-03
Carlos Moya,5,2520,2005-01-03
Tim Henman,6,2465,2005-01-03
Guillermo Coria,7,2400,2005-01-03
Andre Agassi,8,2100,2005-01-03
David Nalbandian,9,1945,2005-01-03
Gaston Gaudio,10,1920,2005-01-03
Joachim Johansson,11,1595,2005-01-03
Guillermo Canas,12,1595,2005-01-03
Tommy Robredo,13,1465,2005-01-03
Dominik Hrbaty,14,1380,2005-01-03
Sebastien Grosjean,15,1370,2005-01-03
Mikhail Youzhny,16,1340,2005-01-03
Tommy Haas,17,1330,2005-01-03
Andrei Pavel,18,1325,2005-01-03
Nicolas Massu,19,1320,2005-01-03
Vincent Spadea,20,1285,2005-01-03
Nicolas Kiefer,21,1240,2005-01-03
Ivan Ljubicic,22,1235,2005-01-03
Fernando Gonzalez,23,1235,2005-01-03
Jiri Novak,24,1195,2005-01-03
Feliciano Lopez,25,1185,2005-01-03
Juan Ignacio Chela,26,1135,2005-01-03
Paradorn Srichaphan,27,1130,2005-01-03
Nikolay Davydenko,28,1085,2005-01-03
Mario Ancic,29,1061,2005-01-03
Thomas Johansson,30,1013,2005-01-03
Juan Carlos Ferrero,31,955,2005-01-03
Taylor Dent,32,955,2005-01-03
Radek Stepanek,33,950,2005-01-03
Robin Soderling,34,950,2005-01-03
Florian Mayer,35,939,2005-01-03
Fernando Verdasco,36,938,2005-01-03
Mardy Fish,37,935,2005-01-03
Luis Horna,38,925,2005-01-03
Jurgen Melzer,39,920,2005-01-03
Gustavo Kuerten,40,905,2005-01-03
Michael Llodra,41,890,2005-01-03
Rainer Schuettler,42,885,2005-01-03
Filippo Volandri,43,880,2005-01-03
Karol Beck,44,863,2005-01-03
Tomas Berdych,45,863,2005-01-03
Greg Rusedski,46,805,2005-01-03
Max Mirnyi,47,800,2005-01-03
Xavier Malisse,48,798,2005-01-03
David Ferrer,49,790,2005-01-03
Igor Andreev,50,781,2005-01-03
Rafael Nadal,51,775,2005-01-03
Fabrice Santoro,52,748,2005-01-03
Cyril Saulnier,53,748,2005-01-03
Mariano Zabaleta,54,735,2005-01-03
Martin Verkerk,55,709,2005-01-03
Albert Costa,56,705,2005-01-03
Sjeng Schalken,57,705,2005-01-03
Agustin Calleri,58,685,2005-01-03
Hyung-Taik Lee,59,681,2005-01-03
Stefan Koubek,60,647,2005-01-03
Ivo Karlovic,61,640,2005-01-03
Hicham Arazi,62,630,2005-01-03
Robby Ginepri,63,625,2005-01-03
Nicolas Escude,64,616,2005-01-03
Julien Benneteau,65,593,2005-01-03
Olivier Rochus,66,585,2005-01-03
Jose Acasuso,67,581,2005-01-03
Alberto Martin,68,580,2005-01-03
Gilles Muller,69,580,2005-01-03
Jonas Bjorkman,70,575,2005-01-03
Ricardo Mello,71,568,2005-01-03
Thomas Enqvist,72,538,2005-01-03
Juan Monaco,73,533,2005-01-03
David Sanchez,74,528,2005-01-03
Sargis Sargsian,75,525,2005-01-03
Potito Starace,76,522,2005-01-03
Jarkko Nieminen,77,519,2005-01-03
Irakli Labadze,78,510,2005-01-03
Antony Dupuis,79,503,2005-01-03
Dmitry Tursunov,80,491,2005-01-03
Alex Calatrava,81,489,2005-01-03
Raemon Sluiter,82,482,2005-01-03
Jan Hernych,83,480,2005-01-03
Kenneth Carlsen,84,479,2005-01-03
Oscar Hernandez,85,478,2005-01-03
Bohdan Ulihrach,86,468,2005-01-03
Yen-Hsun Lu,87,466,2005-01-03
Philipp Kohlschreiber,88,466,2005-01-03
Peter Wessels,89,460,2005-01-03
Gregory Carraz,90,457,2005-01-03
Karol Kucera,91,452,2005-01-03
Victor Hanescu,92,452,2005-01-03
Jerome Haehnel,93,452,2005-01-03
Kevin Kim,94,451,2005-01-03
Jan-Michael Gambill,95,450,2005-01-03
Jeff Morrison,96,445,2005-01-03
James Blake,97,440,2005-01-03
Michal Tabara,98,437,2005-01-03
Albert Montanes,99,436,2005-01-03
Lars Burgsmuller,100,434,2005-01-03
Wayne Arthurs,101,433,2005-01-03
Felix Mantilla,102,433,2005-01-03
Nicolas Almagro,103,433,2005-01-03
Santiago Ventura,104,424,2005-01-03
Alexander Popp,105,420,2005-01-03
Arnaud Clement,106,413,2005-01-03
Richard Gasquet,107,413,2005-01-03
Olivier Mutis,108,407,2005-01-03
Mark Philippoussis,109,400,2005-01-03
Davide Sanguinetti,110,399,2005-01-03
Flavio Saretta,111,398,2005-01-03
Dennis van Scheppingen,112,398,2005-01-03
Christophe Rochus,113,393,2005-01-03
Alex Corretja,114,385,2005-01-03
Jiri Vanek,115,382,2005-01-03
Kristof Vliegen,116,379,2005-01-03
Janko Tipsarevic,117,378,2005-01-03
Adrian Garcia,118,376,2005-01-03
Olivier Patience,119,374,2005-01-03
Gilles Elseneer,120,372,2005-01-03
Tomas Zib,121,364,2005-01-03
Nicolas Lapentti,122,362,2005-01-03
Paul-Henri Mathieu,123,361,2005-01-03
Ivo Heuberger,124,361,2005-01-03
Alex Bogomolov Jr.,125,355,2005-01-03
Todd Reid,126,354,2005-01-03
Alejandro Falla,127,352,2005-01-03
Wayne Ferreira,128,345,2005-01-03
Guillermo Garcia-Lopez,129,342,2005-01-03
Ruben Ramirez Hidalgo,130,338,2005-01-03
Nicolas Mahut,131,335,2005-01-03
Jean-Rene Lisnard,132,334,2005-01-03
Mariano Puerta,133,331,2005-01-03
Alexander Waske,134,329,2005-01-03
Alexander Peya,135,328,2005-01-03
Bjorn Phau,136,324,2005-01-03
Wesley Moodie,137,321,2005-01-03
Francesco Aldi,138,321,2005-01-03
Tomas Behrend,139,319,2005-01-03
Thierry Ascione,140,317,2005-01-03
Noam Okun,141,312,2005-01-03
Marco Chiudinelli,142,310,2005-01-03
Franco Squillari,143,305,2005-01-03
Jeff Salzenstein,144,304,2005-01-03
Todd Martin,145,303,2005-01-03
Andreas Seppi,146,302,2005-01-03
Daniele Bracciali,147,302,2005-01-03
Roko Karanusic,148,302,2005-01-03
Marc Lopez,149,300,2005-01-03
Peter Luczak,150,291,2005-01-03
Alessio Di Mauro,151,291,2005-01-03
Glenn Weiner,152,290,2005-01-03
Edgardo Massa,153,288,2005-01-03
Giovanni Lapentti,154,286,2005-01-03
Julien Jeanpierre,155,284,2005-01-03
KJ Hippensteel,156,284,2005-01-03
Ivo Minar,157,283,2005-01-03
Igor Kunitsyn,158,277,2005-01-03
Marcos Baghdatis,159,275,2005-01-03
Robert Kendrick,160,275,2005-01-03
Hugo Armando,161,275,2005-01-03
Justin Gimelstob,162,272,2005-01-03
Jo-Wilfried Tsonga,163,270,2005-01-03
Juan-Pablo Guzman,164,269,2005-01-03
Daniel Elsner,165,267,2005-01-03
Dick Norman,166,265,2005-01-03
Michel Kratochvil,167,263,2005-01-03
Stan Wawrinka,168,262,2005-01-03
Tomas Tenconi,169,261,2005-01-03
Marc Gicquel,170,256,2005-01-03
Frank Dancevic,171,256,2005-01-03
Dieter Kindlmann,172,252,2005-01-03
Amer Delic,173,251,2005-01-03
Galo Blanco,174,250,2005-01-03
Albert Portas,175,250,2005-01-03
Jan Vacek,176,249,2005-01-03
Gilles Simon,177,249,2005-01-03
Brian Baker,178,246,2005-01-03
Michael Ryderstedt,179,244,2005-01-03
Daniel Gimeno-Traver,180,240,2005-01-03
Andre Sa,181,238,2005-01-03
Razvan Sabau,182,237,2005-01-03
Arvind Parmar,183,236,2005-01-03
Jimmy Wang,184,236,2005-01-03
Tobias Summerer,185,234,2005-01-03
Novak Djokovic,186,229,2005-01-03
Fernando Vicente,187,226,2005-01-03
Michal Mertinak,188,225,2005-01-03
Juan Pablo Brzezicki,189,223,2005-01-03
Paul Goldstein,190,220,2005-01-03
Lukas Dlouhy,191,219,2005-01-03
Vladimir Voltchkov,192,217,2005-01-03
Jean-Christophe Faurel,193,217,2005-01-03
Yuri Schukin,194,217,2005-01-03
Alex Bogdanovic,195,216,2005-01-03
Jan Frode Andersen,196,216,2005-01-03
Edouard Roger-Vasselin,197,215,2005-01-03
Nicolas Devilder,198,214,2005-01-03
Sergio Roitman,199,214,2005-01-03
Oliver Marach,200,212,2005-01-03
George Bastl,201,211,2005-01-03
Leonardo Azzaro,202,211,2005-01-03
Stephane Robert,203,206,2005-01-03
Danai Udomchoke,204,205,2005-01-03
Daniel Koellerer,205,205,2005-01-03
Uros Vico,206,204,2005-01-03
Rik De Voest,207,203,2005-01-03
Sasa Tuksar,208,201,2005-01-03
Carlos Berlocq,209,200,2005-01-03
Julio Silva,210,198,2005-01-03
Jerome Golmard,211,197,2005-01-03
Takao Suzuki,212,197,2005-01-03
Florent Serra,213,196,2005-01-03
Marc Rosset,214,196,2005-01-03
Pavel Snobel,215,194,2005-01-03
Martin Vassallo Arguello,216,191,2005-01-03
Cristian Villagran,217,190,2005-01-03
Aisam-Ul-Haq Qureshi,218,187,2005-01-03
Lukasz Kubot,219,185,2005-01-03
Sebastien De Chaunac,220,183,2005-01-03
Nicolas Todero,221,181,2005-01-03
Federico Luzzi,222,181,2005-01-03
Ivan Navarro,223,180,2005-01-03
Miguel Gallardo-Valles,224,180,2005-01-03
Victor Ionita,225,179,2005-01-03
Cecil Mamiit,226,178,2005-01-03
Ramon Delgado,227,177,2005-01-03
Filip Prpic,228,177,2005-01-03
Franco Ferreiro,229,177,2005-01-03
Kristian Pless,230,173,2005-01-03
Jamie Delgado,231,173,2005-01-03
Werner Eschauer,232,172,2005-01-03
Stefano Pescosolido,233,171,2005-01-03
Arnaud Di Pasquale,234,170,2005-01-03
Michael Berrer,235,170,2005-01-03
Tuomas Ketola,236,169,2005-01-03
Brian Vahaly,237,165,2005-01-03
Gabriel Moraru,238,165,2005-01-03
Gael Monfils,239,164,2005-01-03
Alan Mackin,240,163,2005-01-03
Didac Perez,241,163,2005-01-03
Diego Moyano,242,163,2005-01-03
Eric Prodon,243,162,2005-01-03
Andrea Stoppini,244,161,2005-01-03
Ladislav Svarc,245,160,2005-01-03
Massimo Dell'Acqua,246,159,2005-01-03
Harel Levy,247,158,2005-01-03
Jean-Michel Pequery,248,158,2005-01-03
Giorgio Galimberti,249,157,2005-01-03
Michael Russell,250,156,2005-01-03
Dusan Vemic,251,156,2005-01-03
Bjorn Rehnquist,252,154,2005-01-03
Marcus Sarstrand,253,154,2005-01-03
Tomas Cakl,254,152,2005-01-03
Alejandro Hernandez,255,152,2005-01-03
Jacob Adaktusson,256,151,2005-01-03
Julian Knowle,257,148,2005-01-03
Teymuraz Gabashvili,258,148,2005-01-03
Boris Pashanski,259,148,2005-01-03
Jonathan Marray,260,147,2005-01-03
Ignacio Gonzalez King,261,147,2005-01-03
Ivan Miranda,262,145,2005-01-03
Sebastian Fitz,263,143,2005-01-03
Gouichi Motomura,264,142,2005-01-03
Fred Hemmes,265,142,2005-01-03
Goran Ivanisevic,266,140,2005-01-03
Marcos Daniel,267,139,2005-01-03
Jan Minar,268,138,2005-01-03
Simone Bolelli,269,136,2005-01-03
Andres Dellatorre,270,136,2005-01-03
Florin Mergea,271,134,2005-01-03
Mariano Delfino,272,134,2005-01-03
Mark Hilton,273,133,2005-01-03
Melle Van Gemerden,274,132,2005-01-03
Matias Boeker,275,132,2005-01-03
Santiago Gonzalez,276,132,2005-01-03
Juan Antonio Marin,277,131,2005-01-03
Hermes Gamonal,278,131,2005-01-03
Takahiro Terachi,279,131,2005-01-03
Lovro Zovko,280,130,2005-01-03
Chris Guccione,281,129,2005-01-03
Michael Kohlmann,282,129,2005-01-03
Kirill Ivanov-Smolensky,283,129,2005-01-03
Javier Genaro-Martinez,284,129,2005-01-03
Zbynek Mlynarik,285,127,2005-01-03
Eric Taino,286,127,2005-01-03
John van Lottum,287,126,2005-01-03
Bobby Reynolds,288,126,2005-01-03
David Sherwood,289,126,2005-01-03
Jean-Julien Rojer,290,126,2005-01-03
Francesco Piccari,291,125,2005-01-03
Brian Dabul,292,124,2005-01-03
Vasilis Mazarakis,293,123,2005-01-03
Victor Bruthans,294,123,2005-01-03
Frederic Niemeyer,295,122,2005-01-03
Simon Greul,296,121,2005-01-03
Rajeev Ram,297,120,2005-01-03
Alexander Markin,298,120,2005-01-03
Jeroen Masson,299,120,2005-01-03
Ti Chen,300,116,2005-01-03
Francisco Costa,301,116,2005-01-03
Marco Mirnegg,302,114,2005-01-03
Stefan Wauters,303,113,2005-01-03
Bruno Echagaray,304,112,2005-01-03
Paul Capdeville,305,110,2005-01-03
Daniele Giorgini,306,110,2005-01-03
Johannes Ager,307,108,2005-01-03
Dudi Sela,308,108,2005-01-03
Marc Kimmich,309,107,2005-01-03
Paolo Lorenzi,310,107,2005-01-03
Melvyn Op der Heijde,311,106,2005-01-03
Konstantinos Economidis,312,106,2005-01-03
Diego Hartfield,313,106,2005-01-03
Ivo Klec,314,105,2005-01-03
Jean-Claude Scherrer,315,105,2005-01-03
Bruno Soares,316,104,2005-01-03
Michihisa Onoda,317,103,2005-01-03
Adam Chadaj,318,103,2005-01-03
Francisco Fogues,319,103,2005-01-03
Simone Vagnozzi,320,102,2005-01-03
Rainer Eitzinger,321,102,2005-01-03
Giancarlo Petrazzuolo,322,102,2005-01-03
Aleksandar Vlaski,323,101,2005-01-03
Paul Baccanello,324,101,2005-01-03
Igor Zelenay,325,101,2005-01-03
Daniel Munoz de la Nava,326,100,2005-01-03
Bertrand Contzler,327,99,2005-01-03
Farrukh Dustov,328,99,2005-01-03
Kornel Bardoczky,329,97,2005-01-03
Tasuku Iwami,330,97,2005-01-03
Wesley Whitehouse,331,96,2005-01-03
Andres Pedroso,332,96,2005-01-03
Ivan Cerovic,333,95,2005-01-03
Matwe Middelkoop,334,94,2005-01-03
Sergiy Stakhovsky,335,94,2005-01-03
Andreas Beck,336,94,2005-01-03
Satoshi Iwabuchi,337,94,2005-01-03
Gustavo Marcaccio,338,93,2005-01-03
Michal Przysiezny,339,92,2005-01-03
Prakash Amritraj,340,92,2005-01-03
Petr Kralert,341,92,2005-01-03
Nenad Zimonjic,342,91,2005-01-03
Jan Mertl,343,91,2005-01-03
Nathan Healey,344,90,2005-01-03
Josselin Ouanna,345,90,2005-01-03
Gabriel Trujillo-Soler,346,90,2005-01-03
Jaroslav Pospisil,347,90,2005-01-03
Todd Widom,348,89,2005-01-03
Simon Larose,349,86,2005-01-03
Norikazu Sugiyama,350,86,2005-01-03
Lee Childs,351,85,2005-01-03
Josh Goodall,352,85,2005-01-03
Thiago Alves,353,85,2005-01-03
Paul Logtens,354,85,2005-01-03
James Auckland,355,84,2005-01-03
Marcelo Melo,356,84,2005-01-03
Federico Browne,357,83,2005-01-03
Andrew Banks,358,83,2005-01-03
Tomislav Peric,359,83,2005-01-03
Harsh Mankad,360,83,2005-01-03
Gorka Fraile,361,83,2005-01-03
Todor Enev,362,82,2005-01-03
Aqeel Khan,363,81,2005-01-03
Javier Garcia-Sintes,364,81,2005-01-03
Damian Patriarca,365,81,2005-01-03
Andy Ram,366,80,2005-01-03
Frantisek Cermak,367,80,2005-01-03
Steve Darcis,368,79,2005-01-03
Sunil-Kumar Sipaeya,369,79,2005-01-03
Salvador Navarro,370,79,2005-01-03
Markus Hantschk,371,79,2005-01-03
Horia Tecau,372,78,2005-01-03
Oscar Serrano,373,78,2005-01-03
Richard Bloomfield,374,77,2005-01-03
Alexandre Simoni,375,77,2005-01-03
Torsten Popp,376,77,2005-01-03
Lesley Joseph,377,77,2005-01-03
Kamil Capkovic,378,77,2005-01-03
Julio Peralta,379,76,2005-01-03
Yordan Kanev,380,76,2005-01-03
Mathieu Montcourt,381,75,2005-01-03
Nicolas Tourte,382,75,2005-01-03
Wayne Odesnik,383,73,2005-01-03
Nicolas Thomann,384,73,2005-01-03
Johan Settergren,385,71,2005-01-03
Vjekoslav Skenderovic,386,71,2005-01-03
Vincenzo Santopadre,387,71,2005-01-03
Marko Neunteibl,388,71,2005-01-03
Jakub Herm-Zahlava,389,69,2005-01-03
Marcel Granollers,390,69,2005-01-03
Michael Lammer,391,69,2005-01-03
Adrian Ungur,392,68,2005-01-03
Rui Machado,393,68,2005-01-03
Diego Veronelli,394,68,2005-01-03
Guillem Burniol,395,68,2005-01-03
Michael Quintero,396,68,2005-01-03
Justin Bower,397,67,2005-01-03
Lazar Magdincev,398,67,2005-01-03
Philipp Petzschner,399,67,2005-01-03
Alejandro Vargas-Aboy,400,67,2005-01-03
Ilia Kushev,401,67,2005-01-03
Jaymon Crabb,402,67,2005-01-03
Mariano Albert-Ferrando,403,66,2005-01-03
Peng Sun,404,66,2005-01-03
Pablo Gonzalez,405,66,2005-01-03
Lamine Ouahab,406,66,2005-01-03
Marc Fornell-Mestres,407,66,2005-01-03
Vladimir Pavicevic,408,66,2005-01-03
Juan-Luis Rascon-Lope,409,65,2005-01-03
Konstantin Don Gruber,410,65,2005-01-03
Andy Murray,411,65,2005-01-03
Yu Jr. Wang,412,65,2005-01-03
German Puentes,413,65,2005-01-03
Nicolas Coutelot,414,64,2005-01-03
Emin Agaev,415,64,2005-01-03
David Guez,416,64,2005-01-03
Dmitry Vlasov,417,64,2005-01-03
Hector Ruiz-Cadenas,418,64,2005-01-03
Jean-Francois Bachelot,419,64,2005-01-03
Shannon Nettle,420,63,2005-01-03
Evgeny Korolev,421,63,2005-01-03
Adam Feeney,422,63,2005-01-03
Carlos Salamanca,423,63,2005-01-03
Zeljko Krajan,424,63,2005-01-03
Adrian Cruciat,425,63,2005-01-03
Leonardo Tavares,426,63,2005-01-03
Filip Urban,427,63,2005-01-03
Julien Varlet,428,62,2005-01-03
Sadik Kadir,429,62,2005-01-03
Ben-Qiang Zhu,430,62,2005-01-03
Denis Gremelmayr,431,62,2005-01-03
Alexey Kedryuk,432,62,2005-01-03
Robert Lindstedt,433,61,2005-01-03
Robert Smeets,434,61,2005-01-03
Matteo Colla,435,61,2005-01-03
Carlos Cuadrado,436,61,2005-01-03
Robin Vik,437,61,2005-01-03
Emiliano Redondi,438,61,2005-01-03
Seung-Hoon Lee,439,61,2005-01-03
Komlavi Loglo,440,61,2005-01-03
Andis Juska,441,60,2005-01-03
Andrei Stoliarov,442,60,2005-01-03
Martin Stepanek,443,60,2005-01-03
John Paul Fruttero,444,60,2005-01-03
Jesse Witten,445,59,2005-01-03
Frank Condor,446,59,2005-01-03
Domenic Marafiote,447,59,2005-01-03
Bartolome Salva-Vidal,448,59,2005-01-03
Philipp Marx,449,58,2005-01-03
Vadim Davletshin,450,58,2005-01-03
Scott Lipsky,451,58,2005-01-03
Kevin Sorensen,452,57,2005-01-03
Dominique Coene,453,57,2005-01-03
Alejandro Fabbri,454,57,2005-01-03
Daniel Klemetz,455,56,2005-01-03
Sebastian Decoud,456,56,2005-01-03
Andrew Derer,457,56,2005-01-03
Jakub Hasek,458,56,2005-01-03
Evgueni Smirnov,459,56,2005-01-03
Joseph Sirianni,460,55,2005-01-03
Travis Rettenmaier,461,55,2005-01-03
Mounir El Aarej,462,55,2005-01-03
Dusan Karol,463,55,2005-01-03
Pablo Santos,464,54,2005-01-03
Jose De Armas,465,54,2005-01-03
Gary Lugassy,466,54,2005-01-03
Lucas Engel,467,54,2005-01-03
Andre Ghem,468,53,2005-01-03
Alexander Flock,469,53,2005-01-03
Vadim Kutsenko,470,52,2005-01-03
Lars Uebel,471,52,2005-01-03
Robert Yim,472,52,2005-01-03
Toshihide Matsui,473,52,2005-01-03
Raphael Durek,474,52,2005-01-03
Jasper Smit,475,52,2005-01-03
Marius Zay,476,52,2005-01-03
Maximo Gonzalez,477,51,2005-01-03
Alessandro Accardo,478,51,2005-01-03
Ivan Esquerdo,479,51,2005-01-03
Philipp Mukhometov,480,51,2005-01-03
Alessandro Camarco,481,50,2005-01-03
Roger Anderson,482,50,2005-01-03
Jan Masik,483,50,2005-01-03
Alex Kuznetsov,484,50,2005-01-03
Massimo Ocera,485,50,2005-01-03
Kyu Tae Im,486,50,2005-01-03
Sergei Yaroshenko,487,49,2005-01-03
Radim Zitko,488,49,2005-01-03
Dekel Valtzer,489,49,2005-01-03
Zack Fleishman,490,49,2005-01-03
Victor Crivoi,491,49,2005-01-03
Mathias Hellstrom,492,48,2005-01-03
Jesse Huta Galung,493,48,2005-01-03
Tres Davis,494,48,2005-01-03
Darko Madjarovski,495,48,2005-01-03
Alexander Hartman,496,48,2005-01-03
Bo Ram Cha,497,47,2005-01-03
Malek Jaziri,498,47,2005-01-03
Luke Bourgeois,499,46,2005-01-03
Jose Checa-Calvo,500,46,2005-01-03
Ilija Bozoljac,501,46,2005-01-03
Go Soeda,502,46,2005-01-03
Antonio Pastorino,503,46,2005-01-03
Diego Junqueira,504,46,2005-01-03
Timo Nieminen,505,46,2005-01-03
Juho Paukku,506,45,2005-01-03
Tobias Koeck,507,45,2005-01-03
Orest Tereshchuk,508,45,2005-01-03
Jonathan Igbinovia,509,45,2005-01-03
Toshiaki Sakai,510,45,2005-01-03
Bostjan Osabnik,511,45,2005-01-03
Herbert Wiltschnig,512,45,2005-01-03
Raven Klaasen,513,45,2005-01-03
Vijay Kannan,514,44,2005-01-03
Stefano Ianni,515,44,2005-01-03
Rameez Junaid,516,44,2005-01-03
Alberto Brizzi,517,44,2005-01-03
Valentin Sanon,518,44,2005-01-03
Nikola Ciric,519,44,2005-01-03
Agustin Tarantino,520,44,2005-01-03
Benjamin Balleret,521,44,2005-01-03
Daniel Garza,522,44,2005-01-03
Daniel Monedero,523,43,2005-01-03
Kepler Orellana,524,43,2005-01-03
Chris Kwon,525,43,2005-01-03
David Marrero,526,43,2005-01-03
Steven Korteling,527,43,2005-01-03
Andrei Cherkasov,528,42,2005-01-03
Brian Wilson,529,42,2005-01-03
Slimane Saoudi,530,42,2005-01-03
Eric Nunez,531,42,2005-01-03
Ruben Merchan,532,42,2005-01-03
Francisco Rodriguez,533,42,2005-01-03
Javier Foronda-Bolanos,534,41,2005-01-03
Nick Van Der Meer,535,41,2005-01-03
Jose Antonio Sanchez-de Luna,536,41,2005-01-03
Antonio Baldellou-Esteva,537,41,2005-01-03
Flavio Cipolla,538,41,2005-01-03
Bastian Gronefeld,539,41,2005-01-03
Stefano Cobolli,540,41,2005-01-03
Michael Kogan,541,40,2005-01-03
Ian Flanagan,542,40,2005-01-03
Young-Jun Kim,543,40,2005-01-03
Marko Tkalec,544,40,2005-01-03
Juan Albert Viloca-Puig,545,40,2005-01-03
Louis Vosloo,546,40,2005-01-03
Juan-Martin Aranguren,547,40,2005-01-03
Vishal Uppal,548,39,2005-01-03
Frank Moser,549,39,2005-01-03
Guillaume Legat,550,38,2005-01-03
Tony Holzinger,551,38,2005-01-03
Christian Grunes,552,38,2005-01-03
Huntley Montgomery,553,38,2005-01-03
Michal Ciszek,554,38,2005-01-03
Giuseppe Menga,555,38,2005-01-03
Stephane Bohli,556,38,2005-01-03
Mehdi Tahiri,557,38,2005-01-03
Maciej Dilaj,558,38,2005-01-03
Nicholas Monroe,559,38,2005-01-03
Ismar Gorcic,560,38,2005-01-03
Maximilian Abel,561,37,2005-01-03
Laurent Recouderc,562,37,2005-01-03
Branislav Sekac,563,36,2005-01-03
Hee-Seok Chung,564,36,2005-01-03
Mark Hlawaty,565,36,2005-01-03
Brendan Evans,566,36,2005-01-03
Juan-Felipe Yanez,567,36,2005-01-03
Jhonathan Medina-Alvarez,568,36,2005-01-03
Alessandro Da Col,569,36,2005-01-03
Oh-Hee Kwon,570,36,2005-01-03
Mohamed-Sekou Drame,571,35,2005-01-03
Rogier Wassen,572,35,2005-01-03
Artemon Apostu-Efremov,573,35,2005-01-03
Ryan Newport,574,35,2005-01-03
Marco Pedrini,575,35,2005-01-03
Israel Matos Gil,576,35,2005-01-03
Augustin Gensse,577,35,2005-01-03
Frederik Nielsen,578,35,2005-01-03
Stefano Galvani,579,34,2005-01-03
Bastian Knittel,580,34,2005-01-03
Vinod Sridhar,581,34,2005-01-03
Frantisek Polyak,582,34,2005-01-03
Attila Savolt,583,34,2005-01-03
Nicolas Renavand,584,34,2005-01-03
Lionel Noviski,585,34,2005-01-03
Tai-Wei Liu,586,34,2005-01-03
Jan Hajek,587,34,2005-01-03
Marcos Jimenez-Letrado,588,34,2005-01-03
Philipp Hammer,589,33,2005-01-03
Johan Brunstrom,590,33,2005-01-03
Dawid Olejniczak,591,33,2005-01-03
Marcel Felder,592,33,2005-01-03
Jan Stancik,593,33,2005-01-03
Emilio Benfele Alvarez,594,32,2005-01-03
Henry Adjei-Darko,595,32,2005-01-03
Jorge Aguilar,596,32,2005-01-03
Julien Boutter,597,31,2005-01-03
Petr Luxa,598,31,2005-01-03
Ajay Ramaswami,599,31,2005-01-03
Rodrigo-Antonio Grilli,600,31,2005-01-03
Martijn Van Haasteren,601,31,2005-01-03
Peter Capkovic,602,31,2005-01-03
Roberto Menendez,603,31,2005-01-03
Lauri Kiiski,604,31,2005-01-03
Dimitri Lorin,605,30,2005-01-03
Solon Peppas,606,30,2005-01-03
Bart Beks,607,30,2005-01-03
Grega Zemlja,608,30,2005-01-03
Alberto Soriano,609,30,2005-01-03
Julien Mathieu,610,29,2005-01-03
Benjamin Rufer,611,29,2005-01-03
Ronaldo Carvalho,612,29,2005-01-03
Jacobo Diaz,613,29,2005-01-03
Radoslaw Nijaki,614,29,2005-01-03
Denis Matsukevich,615,29,2005-01-03
Benedikt Dorsch,616,29,2005-01-03
Petar Popovic,617,29,2005-01-03
Mark Nielsen,618,29,2005-01-03
Luis Manuel Flores,619,29,2005-01-03
David Novak,620,29,2005-01-03
Mischa Zverev,621,29,2005-01-03
Adam Vejmelka,622,29,2005-01-03
Fred Gil,623,28,2005-01-03
Frederic Jeanclaude,624,28,2005-01-03
David Martin,625,28,2005-01-03
Felipe Lemos,626,28,2005-01-03
Xavier Pujo,627,27,2005-01-03
Chris Letcher,628,27,2005-01-03
Juan Giner,629,27,2005-01-03
Juan Ignacio Cerda,630,27,2005-01-03
Esteban Carril,631,27,2005-01-03
Sascha Kloer,632,27,2005-01-03
Ryan Sachire,633,27,2005-01-03
Catalin-Ionut Gard,634,26,2005-01-03
Rohan Bopanna,635,26,2005-01-03
Dmitri Sitak,636,26,2005-01-03
Roman Valent,637,26,2005-01-03
Juan-Manuel Elizondo,638,26,2005-01-03
Dimitri Mazur,639,26,2005-01-03
Carlos Avellan,640,26,2005-01-03
Gyorgy Balazs,641,26,2005-01-03
Clement Morel,642,26,2005-01-03
Yaoki Ishii,643,26,2005-01-03
Younes El Aynaoui,644,25,2005-01-03
Janne Ojala,645,25,2005-01-03
Diogo Rocha,646,25,2005-01-03
Michael Yani,647,25,2005-01-03
Eduardo Bohrer,648,25,2005-01-03
Rodolfo Daruich,649,25,2005-01-03
Tom Burn,650,25,2005-01-03
Andrey Golubev,651,25,2005-01-03
Alex Kim,652,25,2005-01-03
Diego Alvarez,653,25,2005-01-03
Sergei Pozdnev,654,25,2005-01-03
Xavier Audouy,655,25,2005-01-03
Marcello Craca,656,25,2005-01-03
Leonardo Kirche,657,25,2005-01-03
Ladislav Chramosta,658,25,2005-01-03
Mohammad Ghareeb,659,25,2005-01-03
Federico Torresi,660,25,2005-01-03
Fabio Colangelo,661,25,2005-01-03
Sergei Krotiouk,662,25,2005-01-03
Noam Behr,663,24,2005-01-03
Mariusz Fyrstenberg,664,24,2005-01-03
Kevin Anderson,665,24,2005-01-03
Alex Vittur,666,24,2005-01-03
Jamie Baker,667,24,2005-01-03
Boris Borgula,668,24,2005-01-03
Michel Koning,669,24,2005-01-03
Cyril Baudin,670,24,2005-01-03
Andrew Piotrowski,671,24,2005-01-03
Horacio Zeballos,672,24,2005-01-03
Mustafa Ghouse,673,24,2005-01-03
Robert Haybittel,674,24,2005-01-03
Haythem Abid,675,24,2005-01-03
Sebo Kiss,676,24,2005-01-03
Martin Alund,677,24,2005-01-03
Radoslav Lukaev,678,23,2005-01-03
Rodolphe Cadart,679,23,2005-01-03
Shao-Xuan Zeng,680,23,2005-01-03
Tripp Phillips,681,23,2005-01-03
Tommaso Sanna,682,23,2005-01-03
Marcello Amador,683,23,2005-01-03
Chris Lewis,684,23,2005-01-03
Eric Scherer,685,23,2005-01-03
Lassi Ketola,686,23,2005-01-03
Gabriel Pitta,687,23,2005-01-03
Peter Mayer Tischer,688,22,2005-01-03
Yohny Romero,689,22,2005-01-03
Manuel Jorquera,690,22,2005-01-03
Bart Van Delft,691,22,2005-01-03
Victor Romero,692,22,2005-01-03
Nickolai Dyachok,693,22,2005-01-03
Alexander Yarmola,694,22,2005-01-03
Ervin Eleskovic,695,22,2005-01-03
Phillip Harboe,696,22,2005-01-03
Sanjin Sadovich,697T,22,2005-01-03
Simon Stadler,697T,22,2005-01-03
Kean Feeder,699,22,2005-01-03
Alexandre Bonatto,700,22,2005-01-03
Sam Warburg,701,21,2005-01-03
Brad Weston,702,21,2005-01-03
Daniel Wendler,703,21,2005-01-03
Luka Gregorc,704,21,2005-01-03
Konstantin Kravchuk,705,21,2005-01-03
Ferran Ventura-Martell,706,21,2005-01-03
Ricardo Chile-Fonte,707,21,2005-01-03
Diego Cubas,708,21,2005-01-03
Jeremy Wurtzman,709,21,2005-01-03
Alessandro Motti,710,21,2005-01-03
Andreas Vinciguerra,711,20,2005-01-03
Mikhail Filima,712,20,2005-01-03
Hao Lu,713,20,2005-01-03
Andrew Anderson,714,20,2005-01-03
Pavel Lobanov,715,20,2005-01-03
Hamid Mirzadeh,716,20,2005-01-03
Santiago Giraldo,717,20,2005-01-03
Guillermo Hormazabal,718,20,2005-01-03
Matteo Gotti,719,20,2005-01-03
Fabio Fognini,720,20,2005-01-03
Mario Munoz-Bejarano,721,20,2005-01-03
Stefan Wiespeiner,722,20,2005-01-03
Pablo Martinez,723,20,2005-01-03
Cesar Ferrer-Victoria,724,20,2005-01-03
Atsuo Ogawa,725,20,2005-01-03
Thomas Blake,726,19,2005-01-03
Kentaro Masuda,727,19,2005-01-03
Goran Dragicevic,728T,19,2005-01-03
Martin Vacek,728T,19,2005-01-03
Sebastian Rieschick,730,19,2005-01-03
Carlos Poch-Gradin,731,19,2005-01-03
Stefano Mocci,732,19,2005-01-03
Jan Weinzierl,733,19,2005-01-03
Dejan Cvetkovic,734,19,2005-01-03
Josef Nesticky,735,19,2005-01-03
Phillip King,736,18,2005-01-03
Deniss Pavlovs,737,18,2005-01-03
Jedrzej Zarski,738,18,2005-01-03
Dejan Petrovic,739,18,2005-01-03
Naoki Arimoto,740,18,2005-01-03
Ludwig Pellerin,741,18,2005-01-03
Christopher Koderisch,742,18,2005-01-03
Oscar Burrieza-Lopez,743,18,2005-01-03
Guillermo Carry,744,18,2005-01-03
Daniel Lustig,745,18,2005-01-03
Rob Steckley,746,17,2005-01-03
Mikhail Elgin,747,17,2005-01-03
Julien Cassaigne,748,17,2005-01-03
Guillaume Couillard,749,17,2005-01-03
Woong-Sun Jun,750,17,2005-01-03
Johny De Leon,751,17,2005-01-03
Lester Cook,752,17,2005-01-03
Dong-Hyun Kim,753,17,2005-01-03
Adam Thompson,754,17,2005-01-03
Ivaylo Traykov,755,17,2005-01-03
Luis Feo-Bernabe,756,17,2005-01-03
Karim Maamoun,757,17,2005-01-03
Rogerio Dutra Silva,758,17,2005-01-03
Marc-Kevin Goellner,759,17,2005-01-03
Teodor-Dacian Craciun,760,16,2005-01-03
Mirko Pehar,761,16,2005-01-03
Fritz Wolmarans,762,16,2005-01-03
Walid Jallali,763T,16,2005-01-03
Carlos Palencia,763T,16,2005-01-03
Max Raditschnigg,765,16,2005-01-03
Henrique Pinto-Silva,766,16,2005-01-03
Ross Hutchins,767,16,2005-01-03
Scoville Jenkins,768,15,2005-01-03
Trystan Meniane,769,15,2005-01-03
Somdev Devvarman,770T,15,2005-01-03
Petr Dezort,770T,15,2005-01-03
Marcel Zimmermann,772,15,2005-01-03
Adam Fass,773,15,2005-01-03
Olivier Vandewiele,774,15,2005-01-03
Ishay Hadash,775,15,2005-01-03
Holger Fischer,776,15,2005-01-03
Mattia Livraghi,777,15,2005-01-03
Jonathan Hilaire,778,15,2005-01-03
Floris Kilian,779,15,2005-01-03
Patrick Knobloch,780,15,2005-01-03
Miguel Angel Lopez Jaen,781,15,2005-01-03
Andreas Fasching,782T,15,2005-01-03
Matthew Smith,782T,15,2005-01-03
Boy Wijnmalen,784,15,2005-01-03
Rafael Moreno-Negrin,785,15,2005-01-03
Philipp Mullner,786T,14,2005-01-03
Viktor Troicki,786T,14,2005-01-03
Pavel Ivanov,788,14,2005-01-03
Amir Hadad,789,14,2005-01-03
Nicky Crawley,790,14,2005-01-03
Marco Crugnola,791,14,2005-01-03
Francisco Cabello,792,14,2005-01-03
Jordi Marse-Vidri,793,14,2005-01-03
Georg Novak,794T,14,2005-01-03
Alexander Satschko,794T,14,2005-01-03
Mikhail Ledovskikh,796,14,2005-01-03
Jose-Manuel Garcia-Rodriguez,797,14,2005-01-03
Carlos Rexach-Itoiz,798,14,2005-01-03
Arnau Brugues-Davi,799,14,2005-01-03
Marcos Conde-Jackson,800,14,2005-01-03
Philip Gubenco,801,14,2005-01-03
Carlos Castellanos,802T,13,2005-01-03
Denis Zivkovic,802T,13,2005-01-03
Daniel Langre,804,13,2005-01-03
Bob Bryan,805,13,2005-01-03
Ruben de Kleijn,806,13,2005-01-03
Suwandi Suwandi,807,13,2005-01-03
Artem Sitak,808,13,2005-01-03
Tobias Kamke,809T,13,2005-01-03
Christian Magg,809T,13,2005-01-03
Richard Irwin,811,13,2005-01-03
Markus Kanellos,812,13,2005-01-03
Ravishankar Pathanjali,813,13,2005-01-03
Adrian Menendez-Maceiras,814,13,2005-01-03
Nicolo Cotto,815,13,2005-01-03
Miles Kasiri,816,13,2005-01-03
Adrian Gavrila,817,13,2005-01-03
Martin Slanar,818,13,2005-01-03
Martin Vilarrubi,819,13,2005-01-03
Dustin Brown,820,13,2005-01-03
Bruno Rosa,821,13,2005-01-03
Murad Inoyatov,822,13,2005-01-03
Alun Jones,823,12,2005-01-03
Mario Radic,824,12,2005-01-03
Yves Allegro,825T,12,2005-01-03
Alexander Reichel,825T,12,2005-01-03
Christopher Kas,827,12,2005-01-03
Mashiska Washington,828,12,2005-01-03
Goran Tosic,829,12,2005-01-03
Matt Bocko,830,12,2005-01-03
Mariano Pettigrosso,831,12,2005-01-03
Daniel Lencina-Ribes,832T,12,2005-01-03
David Loewenthal,832T,12,2005-01-03
Pablo Cuevas,834T,12,2005-01-03
Karel Triska,834T,12,2005-01-03
Febi Widhiyanto,836,12,2005-01-03
Tomas Janci,837,12,2005-01-03
Matthew Hanlin,838,12,2005-01-03
Vincent Baudat,839,12,2005-01-03
Ivo Bratanov,840,11,2005-01-03
Xin-Yuan Yu,841,11,2005-01-03
Marcelo Rios,842,11,2005-01-03
Kamala Kannan,843T,11,2005-01-03
Stephen Mitchell,843T,11,2005-01-03
Michael Ouvarov,845,11,2005-01-03
Oscar Rodriguez-Sanchez,846,11,2005-01-03
Jun Kato,847,11,2005-01-03
Toshiharu Kato,848,11,2005-01-03
Benjamin Dracos,849,11,2005-01-03
Peter Clarke,850,11,2005-01-03
Jiri Vencl,851T,11,2005-01-03
Charly Villeneuve,851T,11,2005-01-03
Juan-Ignacio Destefano,853T,11,2005-01-03
Miha Gregorc,853T,11,2005-01-03
Valentine Kassatkine,853T,11,2005-01-03
Teodor Bolanu,856T,11,2005-01-03
Andrei Mlendea,856T,11,2005-01-03
Denis Istomin,858T,11,2005-01-03
Alessandro Piccari,858T,11,2005-01-03
Srinath Prahlad,860,10,2005-01-03
Marin Bradaric,861,10,2005-01-03
Vivek Shokeen,862,10,2005-01-03
Zach Dailey,863T,10,2005-01-03
Photos Kallias,863T,10,2005-01-03
Joaquin Munoz-Hernandez,863T,10,2005-01-03
Andrew Coelho,866T,10,2005-01-03
Martin Lee,866T,10,2005-01-03
David Brewer,868,10,2005-01-03
Rok Jarc,869,10,2005-01-03
Sonchat Ratiwatana,870,10,2005-01-03
Jaco Mathew,871,10,2005-01-03
Alexandros Jakupovic,872,10,2005-01-03
Andrei Somov,873,10,2005-01-03
Patricio Rudi,874T,10,2005-01-03
Enrico Wellenfeld,874T,10,2005-01-03
Jerome Becker,876T,10,2005-01-03
Kai-Lung Chang,876T,10,2005-01-03
Pablo Figueroa,876T,10,2005-01-03
Eduardo Portal,876T,10,2005-01-03
Bernard Parun,880,10,2005-01-03
Marcio Torres,881,10,2005-01-03
Arkady Bassetti,882,10,2005-01-03
Rolandas Murashka,883,9,2005-01-03
Igor Sijsling,884,9,2005-01-03
Ashkan Shokoofi,885,9,2005-01-03
Sebastian Quintero,886,9,2005-01-03
Andrei Gorban,887T,9,2005-01-03
Byung-Kook Kang,887T,9,2005-01-03
Sebastian Linda,887T,9,2005-01-03
Mait Kunnap,890,9,2005-01-03
Robert Hodel,891,9,2005-01-03
Adrian Barbu,892T,9,2005-01-03
Enrico Burzi,892T,9,2005-01-03
Juan De Armas,892T,9,2005-01-03
Filippo Figliomeni,892T,9,2005-01-03
Oleg Ogorodov,896,9,2005-01-03
Patricio Arquez,897,9,2005-01-03
Diego Cristin,898,9,2005-01-03
Ignasi Villacampa,899,9,2005-01-03
Phillip Simmonds,900,9,2005-01-03
Jose-Carlos Garcia-Sanchez,901T,9,2005-01-03
Patrick Schmolzer,901T,9,2005-01-03
Julien Cuaz,903T,8,2005-01-03
Leos Friedl,903T,8,2005-01-03
Marc Pexa,905,8,2005-01-03
Timothy Aerts,906T,8,2005-01-03
Theodor Devoty,906T,8,2005-01-03
Jay Salter,906T,8,2005-01-03
Thomas Schiessling,909,8,2005-01-03
Josh Goffi,910T,8,2005-01-03
Rafael Millon,910T,8,2005-01-03
Sebastian Salas,912,8,2005-01-03
Jimy Szymanski,913,8,2005-01-03
Sergio Perez-Perez,914T,8,2005-01-03
Alexandre Renard,914T,8,2005-01-03
Bruno Rodriguez,914T,8,2005-01-03
David Diaz-Ventura,917,8,2005-01-03
Mat Cloer,918,8,2005-01-03
Eric Kuijlen,919T,8,2005-01-03
Julien Maes,919T,8,2005-01-03
Antonio Ruiz-Rosales,919T,8,2005-01-03
Gvidas Sabeckis,919T,8,2005-01-03
Matija Zgaga,919T,8,2005-01-03
Julien Maigret,924,8,2005-01-03
Juan Ferrer,925T,8,2005-01-03
Vince Mellino,925T,8,2005-01-03
Gabriel Trifu,925T,8,2005-01-03
Lefteris Alexiou,928T,8,2005-01-03
Raony Carvalho,928T,8,2005-01-03
Roman Kukal,928T,8,2005-01-03
Arkaitz Manzarbeitia-Ugate,928T,8,2005-01-03
Fabian Roetschi,928T,8,2005-01-03
Thomas Holzmann,933T,8,2005-01-03
Matt Klinger,933T,8,2005-01-03
Miguel Olaso-de la Rica,933T,8,2005-01-03
Tom Rushby,933T,8,2005-01-03
Phil Stolt,933T,8,2005-01-03
Genius Chidzikwe,938T,8,2005-01-03
K.C. Corkery,938T,8,2005-01-03
Antonio Gramaglia,938T,8,2005-01-03
Bernat Mas-Avellaneda,938T,8,2005-01-03
Ivan Sergeyev,938T,8,2005-01-03
Motaz Abou El Khair,943T,8,2005-01-03
Michael Staniak,943T,8,2005-01-03
Florian Nufer,945T,8,2005-01-03
Felipe Parada,945T,8,2005-01-03
Ryan Russell,945T,8,2005-01-03
Dmitro Tolok,945T,8,2005-01-03
Sarvar Ikramov,949T,8,2005-01-03
David Savic,949T,8,2005-01-03
Julien Dupuy,951T,7,2005-01-03
Ashley Fisher,951T,7,2005-01-03
David Jeflea,951T,7,2005-01-03
Michael Jessup,951T,7,2005-01-03
Ryan Henry,955T,7,2005-01-03
Joel Kerley,955T,7,2005-01-03
Claude N'Goran,955T,7,2005-01-03
Sanchai Ratiwatana,955T,7,2005-01-03
Nir Welgreen,955T,7,2005-01-03
Ashutosh Singh,960T,7,2005-01-03
Mehdi Ziadi,960T,7,2005-01-03
Shahab Hassani-Nafez,962T,7,2005-01-03
Sergio Ramirez,962T,7,2005-01-03
Simon Rea,962T,7,2005-01-03
Daniel Yoo,962T,7,2005-01-03
Jordane Doble,966T,7,2005-01-03
Markus Egger,966T,7,2005-01-03
Thomas Holzer,966T,7,2005-01-03
Nikola Martinovic,966T,7,2005-01-03
Louk Sorensen,966T,7,2005-01-03
Amar Zubcevic,966T,7,2005-01-03
Pablo Andujar,972T,7,2005-01-03
Seung-Bok Baek,972T,7,2005-01-03
Rickard Holmstrom,972T,7,2005-01-03
Konstantin Kremeshkov,972T,7,2005-01-03
Matthew Behrmann,976T,7,2005-01-03
Sergei Demekhine,976T,7,2005-01-03
Pablo Galdon,976T,7,2005-01-03
Rodrigo Guidolin,976T,7,2005-01-03
Marcel-Ioan Miron,976T,7,2005-01-03
David Gonzalez,981T,7,2005-01-03
Adam Seri,981T,7,2005-01-03
Prima Simpatiaji,981T,7,2005-01-03
Irakli Ushangishvili,981T,7,2005-01-03
Michal Varsanyi,981T,7,2005-01-03
Roman Vogeli,981T,7,2005-01-03
Yong-Il Yoon,987,7,2005-01-03
Marco Gualdi,988T,7,2005-01-03
Anoosha Shahgholi,988T,7,2005-01-03
Victor-Mugurel Anagnastopol,990T,7,2005-01-03
Markus Bayer,990T,7,2005-01-03
Takeshi Itoh,990T,7,2005-01-03
Oskar Pallin,990T,7,2005-01-03
Matteo Volante,990T,7,2005-01-03
Andre Miele,995T,7,2005-01-03
Lenoir Ramos,995T,7,2005-01-03
Martin Schulhauser,995T,7,2005-01-03
Marco Di Vuolo,998T,7,2005-01-03
Andrej Kracman,998T,7,2005-01-03
Dusan Mihailovic,998T,7,2005-01-03
Todd Larkham,1001,6,2005-01-03
Rafael Farias,1002T,6,2005-01-03
Luis Henrique Grangeiro,1002T,6,2005-01-03
Luke Shields,1002T,6,2005-01-03
Omar Alawadhi,1005T,6,2005-01-03
Adrian Bohane,1005T,6,2005-01-03
Jorge Hernando Ruano,1005T,6,2005-01-03
Davor Kuseta,1005T,6,2005-01-03
Karan Rastogi,1005T,6,2005-01-03
Gary Sacks,1005T,6,2005-01-03
Rick Schalkers,1005T,6,2005-01-03
David To,1005T,6,2005-01-03
Yu Zhang,1005T,6,2005-01-03
Hector Almada,1014T,6,2005-01-03
Toyin Dairo,1014T,6,2005-01-03
Tomas Jecminek,1014T,6,2005-01-03
Tommi Lenho,1014T,6,2005-01-03
Tobias Steinel-Hansson,1014T,6,2005-01-03
Baptiste Dupuy,1019,6,2005-01-03
Juan-Pablo Amado,1020T,6,2005-01-03
Patrice Atias,1020T,6,2005-01-03
Abdul-Mumin Babalola,1020T,6,2005-01-03
Brandon Fallon,1020T,6,2005-01-03
David Luque-Velasco,1020T,6,2005-01-03
Evan O'Neil,1020T,6,2005-01-03
Yi-Ning Wang,1020T,6,2005-01-03
David Corrie,1027T,6,2005-01-03
Tiago Godinho,1027T,6,2005-01-03
Christian Johansson,1029T,6,2005-01-03
Dmitri Kotchetkov,1029T,6,2005-01-03
Alexander Kudryavtsev,1029T,6,2005-01-03
Gianluca Naso,1029T,6,2005-01-03
Nikos Rovas,1029T,6,2005-01-03
Arnaud Segodo,1029T,6,2005-01-03
Frederick Sundsten,1029T,6,2005-01-03
Jerome Almagrida,1036T,6,2005-01-03
Franklin Durighetto,1036T,6,2005-01-03
Katsushi Fukuda,1036T,6,2005-01-03
Carlos Gomez-Ferrer,1036T,6,2005-01-03
Steve Meyer,1036T,6,2005-01-03
Yasuo Miyazaki,1036T,6,2005-01-03
Filip Paroci,1036T,6,2005-01-03
Alessandro Rondinelli,1036T,6,2005-01-03
Dori Sadovnik,1036T,6,2005-01-03
Aleksander Slovic,1036T,6,2005-01-03
Luis Maria Zapata,1036T,6,2005-01-03
Sergio Bruni,1047T,6,2005-01-03
Juan Martin del Potro,1047T,6,2005-01-03
Michal Domanski,1047T,6,2005-01-03
Cary Franklin,1047T,6,2005-01-03
Shuon Madden,1047T,6,2005-01-03
Rasmus Norby,1047T,6,2005-01-03
Morgan Phillips,1047T,6,2005-01-03
Vishal Punna,1047T,6,2005-01-03
Julian Reister,1047T,6,2005-01-03
Gilles Kremer,1056T,6,2005-01-03
Lukas Lacko,1056T,6,2005-01-03
Alvaro Loyola,1056T,6,2005-01-03
Jochen Matschke,1056T,6,2005-01-03
Juan-Francisco Spina,1056T,6,2005-01-03
Juan-Miguel Such-Perez,1056T,6,2005-01-03
Daniel Nestor,1062,5,2005-01-03
Jae-Sung An,1063T,5,2005-01-03
Scott Brown,1063T,5,2005-01-03
Amit Inbar,1063T,5,2005-01-03
Alexander Pavlioutchenkov,1063T,5,2005-01-03
David Prinosil,1063T,5,2005-01-03
Andrew Roberts,1063T,5,2005-01-03
Mauricio Estivariz,1070T,5,2005-01-03
Minh Le,1070T,5,2005-01-03
Malte Masuth,1070T,5,2005-01-03
Ivan Puchkarov,1070T,5,2005-01-03
Nicolas Tholozan,1070T,5,2005-01-03
Jicham Zaatini,1070T,5,2005-01-03
Daniel Dolbea,1076T,5,2005-01-03
Nicolas Dubey,1076T,5,2005-01-03
Salifu Mohammed,1076T,5,2005-01-03
Sanam Singh,1076T,5,2005-01-03
Hyun-Joon Suk,1076T,5,2005-01-03
Matthias Wellermann,1076T,5,2005-01-03
Alberto Giraudo,1082T,5,2005-01-03
Gregg Hill,1082T,5,2005-01-03
Markus Hipfl,1082T,5,2005-01-03
Rouzbeh Kamran,1082T,5,2005-01-03
Daniel Melo,1082T,5,2005-01-03
Scott Oudsema,1082T,5,2005-01-03
Luis Antonio Perez-Perez,1082T,5,2005-01-03
Clemens Trimmel,1082T,5,2005-01-03
Hiu-Tung Yu,1082T,5,2005-01-03
Sergio Barberan-Miguel,1091T,5,2005-01-03
Kamil Filali,1091T,5,2005-01-03
Nahuel Fracassi,1091T,5,2005-01-03
Jonathan Gonzalia,1091T,5,2005-01-03
Robert Gustafsson,1091T,5,2005-01-03
Alex Miotto,1091T,5,2005-01-03
Ion Moldovan,1091T,5,2005-01-03
Nils Muschiol,1091T,5,2005-01-03
Christopher Roman,1091T,5,2005-01-03
Cristobal Aguirre,1100T,5,2005-01-03
Andrea Arnaboldi,1100T,5,2005-01-03
Matthias Bachinger,1100T,5,2005-01-03
Doug Bohaboy,1100T,5,2005-01-03
Tommaso Cafferata,1100T,5,2005-01-03
Cody Conley,1100T,5,2005-01-03
Przemyslaw Lesniewski,1100T,5,2005-01-03
Eduardo Magadan-Castro,1100T,5,2005-01-03
Richard Magney,1100T,5,2005-01-03
Rodrigo Monte,1100T,5,2005-01-03
Gabriel Montilla,1100T,5,2005-01-03
Guilherme Ochiai,1100T,5,2005-01-03
Matias O'Neille,1100T,5,2005-01-03
Pere Riba,1100T,5,2005-01-03
Florent Scaccianoce,1100T,5,2005-01-03
Mike Scheidweiler,1100T,5,2005-01-03
Rubin Statham,1100T,5,2005-01-03
Alvaro Dominguez,1117T,5,2005-01-03
Ricardo Hocevar,1117T,5,2005-01-03
Robin Brage,1119T,4,2005-01-03
Jeff Coetzee,1119T,4,2005-01-03
Pawel Dilaj,1119T,4,2005-01-03
Benjamin Ebrahimzadeh,1119T,4,2005-01-03
Stefan Kilchhofer,1119T,4,2005-01-03
Cheong-Eui Kim,1119T,4,2005-01-03
Adrian Mannarino,1119T,4,2005-01-03
Nomee Qamar,1119T,4,2005-01-03
Jose Pablo Serna,1119T,4,2005-01-03
Asim Shafik,1119T,4,2005-01-03
Alexander Tabares,1119T,4,2005-01-03
Patrick Tierro,1119T,4,2005-01-03
Antal Van Der Duim,1119T,4,2005-01-03
Daniel Brands,1132T,4,2005-01-03
Lado Chikhladze,1132T,4,2005-01-03
Mikael Ekman,1132T,4,2005-01-03
Keith From,1132T,4,2005-01-03
Ryan Haviland,1132T,4,2005-01-03
Bo Hodge,1132T,4,2005-01-03
Romain Jurd,1132T,4,2005-01-03
Seung-Kyu Park,1132T,4,2005-01-03
Anthony Ross,1132T,4,2005-01-03
Michele Scardigno,1132T,4,2005-01-03
Jose Ycaza,1132T,4,2005-01-03
Andreas Da Cunha-Bang,1143T,4,2005-01-03
Eliran Dooyev,1143T,4,2005-01-03
Chris Drake,1143T,4,2005-01-03
Dmitriy Ivanov,1143T,4,2005-01-03
Chul-Hee Lee,1143T,4,2005-01-03
Daniel Schubert,1143T,4,2005-01-03
David Serrano,1143T,4,2005-01-03
Saar Steele,1143T,4,2005-01-03
Rahil Syed,1143T,4,2005-01-03
Haluk Akkoyun,1152T,4,2005-01-03
Jamil Al-Agba,1152T,4,2005-01-03
Filip Aniola,1152T,4,2005-01-03
Stian Boretti,1152T,4,2005-01-03
Sergei Bubka,1152T,4,2005-01-03
Bora Celiscak,1152T,4,2005-01-03
Carlos Cirne Lima,1152T,4,2005-01-03
Ota Fukarek,1152T,4,2005-01-03
Laurent Gabail,1152T,4,2005-01-03
Matteo Galli,1152T,4,2005-01-03
Carlos Gomez-Diaz,1152T,4,2005-01-03
Gergely Hultai,1152T,4,2005-01-03
Evgeny Kirillov,1152T,4,2005-01-03
Goran Kovacevic,1152T,4,2005-01-03
Vladimir Levin,1152T,4,2005-01-03
Xiang Sr. Li,1152T,4,2005-01-03
Sebastien Louis,1152T,4,2005-01-03
Matteo Marrai,1152T,4,2005-01-03
Sandor Martinez,1152T,4,2005-01-03
Wojciech Owsiak,1152T,4,2005-01-03
Lee Radovanovich,1152T,4,2005-01-03
Charles Roche,1152T,4,2005-01-03
Trevor Spracklin,1152T,4,2005-01-03
Marek Sramek,1152T,4,2005-01-03
Jurgens Strydom,1152T,4,2005-01-03
Ry Tarpley,1152T,4,2005-01-03
Caio Zampieri,1152T,4,2005-01-03
Omer Abramovich,1179T,4,2005-01-03
Richard Brooks,1179T,4,2005-01-03
Hee-Sung Chung,1179T,4,2005-01-03
Ivan Dodig,1179T,4,2005-01-03
Pierre-Ludovic Duclos,1179T,4,2005-01-03
Felipe Fingerl,1179T,4,2005-01-03
Sat Galan,1179T,4,2005-01-03
Eric Gomes,1179T,4,2005-01-03
Georges-Alexandre Israel,1179T,4,2005-01-03
Adam Kennedy,1179T,4,2005-01-03
Tobias Klein,1179T,4,2005-01-03
Razvan Lupsescu,1179T,4,2005-01-03
Leandro Migani,1179T,4,2005-01-03
Simon Roberts,1179T,4,2005-01-03
Hiroyasu Sato,1179T,4,2005-01-03
Dominic Stoeckler,1179T,4,2005-01-03
Bas Van der Valk,1179T,4,2005-01-03
David Villanueva-Perez,1179T,4,2005-01-03
Diego Acuna,1197T,3,2005-01-03
Patricio Alvarado,1197T,3,2005-01-03
Roberto Bautista Agut,1197T,3,2005-01-03
Callum Beale,1197T,3,2005-01-03
Michael Calkins,1197T,3,2005-01-03
Jeremy Chardy,1197T,3,2005-01-03
Frederic De Fays,1197T,3,2005-01-03
Kiril Dimitrov,1197T,3,2005-01-03
Mohammed Fetov,1197T,3,2005-01-03
Benoit Foucher,1197T,3,2005-01-03
Hayato Furukawa,1197T,3,2005-01-03
Abdelhak Hameurlaine,1197T,3,2005-01-03
Levar Harper-Griffith,1197T,3,2005-01-03
Stephen Huss,1197T,3,2005-01-03
Alvaro Izquierdo,1197T,3,2005-01-03
Miklos Jancso,1197T,3,2005-01-03
Fredrik Jonsson,1197T,3,2005-01-03
Jan Kroslak,1197T,3,2005-01-03
Regis Lavergne,1197T,3,2005-01-03
Jaroslav Levinsky,1197T,3,2005-01-03
Haydn Lewis,1197T,3,2005-01-03
Marinko Matosevic,1197T,3,2005-01-03
Jeevan Nedunchezhiyan,1197T,3,2005-01-03
Goncalo Nicau,1197T,3,2005-01-03
Raphael Ozelli,1197T,3,2005-01-03
Bernardo Palacios,1197T,3,2005-01-03
Dario Perez,1197T,3,2005-01-03
Robbye Poole,1197T,3,2005-01-03
Alfredo Rivera,1197T,3,2005-01-03
Sebastian Rivera,1197T,3,2005-01-03
Divij Sharan,1197T,3,2005-01-03
Mark Sibilla,1197T,3,2005-01-03
Tim Smyczek,1197T,3,2005-01-03
Sebastien Tholozan,1197T,3,2005-01-03
Jose Zunino,1197T,3,2005-01-03
Syrym Abdukhalikov,1232T,3,2005-01-03
Alexei Ageev,1232T,3,2005-01-03
Zoltan Boroczky,1232T,3,2005-01-03
Robert Cameron,1232T,3,2005-01-03
Jonathan Chu,1232T,3,2005-01-03
Ivan Cinkus,1232T,3,2005-01-03
Bartlomiej Dabrowski,1232T,3,2005-01-03
Kevin Deden,1232T,3,2005-01-03
Romano Frantzen,1232T,3,2005-01-03
Julian Gast,1232T,3,2005-01-03
Dmitry Gurichev,1232T,3,2005-01-03
Troy Hahn,1232T,3,2005-01-03
Adam Kellner,1232T,3,2005-01-03
Shahzad Khan,1232T,3,2005-01-03
Daniel Kiernan,1232T,3,2005-01-03
Luka Kukulic,1232T,3,2005-01-03
Michael Kurz,1232T,3,2005-01-03
Mat Lowe,1232T,3,2005-01-03
Dominik Meffert,1232T,3,2005-01-03
David Miketa,1232T,3,2005-01-03
Nikolay Mishin,1232T,3,2005-01-03
Igor Muguruza,1232T,3,2005-01-03
David Navarrete,1232T,3,2005-01-03
Matias Niemiz,1232T,3,2005-01-03
Vladimir Obradovic,1232T,3,2005-01-03
Gordan Peranec,1232T,3,2005-01-03
Pavel Riha,1232T,3,2005-01-03
Kresimir Ritz,1232T,3,2005-01-03
Nathan Rooney,1232T,3,2005-01-03
Nicolas Santos,1232T,3,2005-01-03
Andrea Serra,1232T,3,2005-01-03
Fabio Silva,1232T,3,2005-01-03
Gurmehar Singh,1232T,3,2005-01-03
Sebastian Uriarte,1232T,3,2005-01-03
Mikhail Vasiliev,1232T,3,2005-01-03
Bojan Vujic,1232T,3,2005-01-03
Brandon Wagner,1232T,3,2005-01-03
Richard Wire,1232T,3,2005-01-03
Bonit Wiryawan,1232T,3,2005-01-03
Wayne Wong,1232T,3,2005-01-03
Ytai Abougzir,1272T,3,2005-01-03
Radu Barbu,1272T,3,2005-01-03
Tomasz Bednarek,1272T,3,2005-01-03
Dennis Biggemann,1272T,3,2005-01-03
Massimo Bosa,1272T,3,2005-01-03
Alberto Cornelio,1272T,3,2005-01-03
Minh-Quan Do,1272T,3,2005-01-03
Sergio Elias,1272T,3,2005-01-03
Gerhard Fahlke,1272T,3,2005-01-03
Colin Fleming,1272T,3,2005-01-03
Aleksandar Grubin,1272T,3,2005-01-03
Robin Haase,1272T,3,2005-01-03
Chad Harris,1272T,3,2005-01-03
Joseph Huber,1272T,3,2005-01-03
Dejan Katic,1272T,3,2005-01-03
Ognian Kolev,1272T,3,2005-01-03
Nikita Kryvonos,1272T,3,2005-01-03
Jing-Yi Li,1272T,3,2005-01-03
Joji Miyao,1272T,3,2005-01-03
Jakub Nijaki,1272T,3,2005-01-03
Petr Olsak,1272T,3,2005-01-03
Ugljesa Ostojic,1272T,3,2005-01-03
Michael-Ray Pallares-Gonzalez,1272T,3,2005-01-03
Nathan B. Price,1272T,3,2005-01-03
Jean Baptiste Robin,1272T,3,2005-01-03
Davide Scala,1272T,3,2005-01-03
Matt Scott,1272T,3,2005-01-03
Carl Thorsen,1272T,3,2005-01-03
Laszlo Toth,1272T,3,2005-01-03
Yu Wang,1272T,3,2005-01-03
K.J. Weiss,1272T,3,2005-01-03
Donald Young,1272T,3,2005-01-03
Jonas Berg,1304T,2,2005-01-03
Luca Bonati,1304T,2,2005-01-03
Roman Borvanov,1304T,2,2005-01-03
Yassir Bouyahya,1304T,2,2005-01-03
Nestor Briceno,1304T,2,2005-01-03
Pavol Cervenak,1304T,2,2005-01-03
Wasif Cheema,1304T,2,2005-01-03
Jaime Cuellar,1304T,2,2005-01-03
Thomas Dupre,1304T,2,2005-01-03
Edgar Hernandez-Perez,1304T,2,2005-01-03
Candy Idoko,1304T,2,2005-01-03
Roman Kelecic,1304T,2,2005-01-03
Jens Knippschild,1304T,2,2005-01-03
Sebastien Lami,1304T,2,2005-01-03
Nick Lindahl,1304T,2,2005-01-03
Claes Lindholm,1304T,2,2005-01-03
Andrei Luzgin,1304T,2,2005-01-03
Thiemo Maier,1304T,2,2005-01-03
Jan Marek,1304T,2,2005-01-03
Jacob Melskens,1304T,2,2005-01-03
Vincent Millot,1304T,2,2005-01-03
Nickolai Linde Nielsen,1304T,2,2005-01-03
Frederic Nussbaum,1304T,2,2005-01-03
Talal Ouahabi,1304T,2,2005-01-03
Mikhail Ptukhin,1304T,2,2005-01-03
Ivan Radovanovic,1304T,2,2005-01-03
Roman Recarte,1304T,2,2005-01-03
Jan Riha,1304T,2,2005-01-03
Shaun Rudman,1304T,2,2005-01-03
Predrag Rusevski,1304T,2,2005-01-03
Jimmy Schneider,1304T,2,2005-01-03
Stefan Seifert,1304T,2,2005-01-03
Rahman Smiley,1304T,2,2005-01-03
Kiantki Thomas,1304T,2,2005-01-03
Dimo Tolev,1304T,2,2005-01-03
Sunu-Wahyu Trijati,1304T,2,2005-01-03
Ordan Van Der Werf,1304T,2,2005-01-03
Coen van Keulen,1304T,2,2005-01-03
Adrian Venturi,1304T,2,2005-01-03
Nikola Vidovic,1304T,2,2005-01-03
Ivan Vukovic,1304T,2,2005-01-03
Varun Walia,1304T,2,2005-01-03
Frank Wintermantel,1304T,2,2005-01-03
Ran Xu,1304T,2,2005-01-03
Jun-Il You,1304T,2,2005-01-03
Mohammed Abdulla,1349T,2,2005-01-03
Fahad Al Saad,1349T,2,2005-01-03
Adriano Albanesi,1349T,2,2005-01-03
Guillermo Alcaide,1349T,2,2005-01-03
Carlos Alvarez,1349T,2,2005-01-03
Theodoros Angelinos,1349T,2,2005-01-03
Evan Angelopoulos,1349T,2,2005-01-03
Marcos Felipe Arend,1349T,2,2005-01-03
Rafael Arevalo,1349T,2,2005-01-03
Alejandro Asta,1349T,2,2005-01-03
Alexej Beljajev,1349T,2,2005-01-03
Thomaz Bellucci,1349T,2,2005-01-03
Goran Belosevic,1349T,2,2005-01-03
Tarek Ben Soltane,1349T,2,2005-01-03
Antoine Benneteau,1349T,2,2005-01-03
Yuri Bezeruk,1349T,2,2005-01-03
Wayne Black,1349T,2,2005-01-03
Bogdan Borta,1349T,2,2005-01-03
Gerald Bremond,1349T,2,2005-01-03
Matt Brown,1349T,2,2005-01-03
Julio Cesar Campozano,1349T,2,2005-01-03
Julio-Victor Casarotti,1349T,2,2005-01-03
Tetsuya Chaen,1349T,2,2005-01-03
Olivier Charroin,1349T,2,2005-01-03
Seong-Yoon Chung,1349T,2,2005-01-03
Christopher Clayton,1349T,2,2005-01-03
Anuwat Dalodom,1349T,2,2005-01-03
Ryler DeHeart,1349T,2,2005-01-03
Renan Delsin,1349T,2,2005-01-03
Fabio Docche,1349T,2,2005-01-03
Amir Ebrahim,1349T,2,2005-01-03
Tiago Espirito-Santo,1349T,2,2005-01-03
Gaston Etlis,1349T,2,2005-01-03
Andrea Falgheri,1349T,2,2005-01-03
Philippe Frayssinoux,1349T,2,2005-01-03
Albano Galan,1349T,2,2005-01-03
Jhonson Garcia,1349T,2,2005-01-03
Ervand Gasparyan,1349T,2,2005-01-03
Botond Godry,1349T,2,2005-01-03
Steven Goh,1349T,2,2005-01-03
Alejandro Gonzalez,1349T,2,2005-01-03
Arjun Goutham,1349T,2,2005-01-03
Claudio Grassi,1349T,2,2005-01-03
Jamie Gresh,1349T,2,2005-01-03
Oliver Gross,1349T,2,2005-01-03
Ernests Gulbis,1349T,2,2005-01-03
Mislav Hizak,1349T,2,2005-01-03
Matus Horecny,1349T,2,2005-01-03
Wang-Cheng Hsieh,1349T,2,2005-01-03
Zlatan Kadric,1349T,2,2005-01-03
Anze Kapun,1349T,2,2005-01-03
Andreas Kauntz,1349T,2,2005-01-03
Edwin Kempes,1349T,2,2005-01-03
Dylan Seong Kwan Kim,1349T,2,2005-01-03
Nitten Kirrtane,1349T,2,2005-01-03
Gouram Kostava,1349T,2,2005-01-03
Hyung-Tae Kwon,1349T,2,2005-01-03
Naim Lalji,1349T,2,2005-01-03
James Lloyd,1349T,2,2005-01-03
Dusan Lojda,1349T,2,2005-01-03
Moti Maaravi,1349T,2,2005-01-03
Sunday Maku,1349T,2,2005-01-03
Mohamed Mamoun,1349T,2,2005-01-03
Lukas Marsoun,1349T,2,2005-01-03
Marcin Maszczyk,1349T,2,2005-01-03
Leonardo Mayer,1349T,2,2005-01-03
Alex Menichini,1349T,2,2005-01-03
Milan Mihailovic,1349T,2,2005-01-03
Bjorn Munroe,1349T,2,2005-01-03
Hyun-Woo Nam,1349T,2,2005-01-03
Lazaro Navarro-Batles,1349T,2,2005-01-03
David Ollivier-Baquero,1349T,2,2005-01-03
Scott Paltrowitz,1349T,2,2005-01-03
Tonci Peric,1349T,2,2005-01-03
Jean-Baptiste Perlant,1349T,2,2005-01-03
Daniel Plasa,1349T,2,2005-01-03
Filip Polasek,1349T,2,2005-01-03
Sebastian Prieto,1349T,2,2005-01-03
Vikas Punna,1349T,2,2005-01-03
Arvid Puranen,1349T,2,2005-01-03
Christoph Radecke,1349T,2,2005-01-03
Dejan Ramadanovic,1349T,2,2005-01-03
Miguel Reyes-Varela,1349T,2,2005-01-03
Javier Ruiz-Gonzalez,1349T,2,2005-01-03
Diaguely Dittamba Samassa,1349T,2,2005-01-03
Andrei Savchuk,1349T,2,2005-01-03
Martin Sayer,1349T,2,2005-01-03
Ricardo Schlachter,1349T,2,2005-01-03
Eduardo Schwank,1349T,2,2005-01-03
Janis Skroderis,1349T,2,2005-01-03
Yaroslav Sorokin,1349T,2,2005-01-03
Przemyslaw Stec,1349T,2,2005-01-03
Marc Steger,1349T,2,2005-01-03
Peter Steinberger,1349T,2,2005-01-03
Mike Steinherr,1349T,2,2005-01-03
Brodie Stewart,1349T,2,2005-01-03
Piotr Szczepanik,1349T,2,2005-01-03
Akbar Taheri,1349T,2,2005-01-03
Farshad Talavar,1349T,2,2005-01-03
Zsolt Tatar,1349T,2,2005-01-03
Romano Tatuhey,1349T,2,2005-01-03
Guy Thomas,1349T,2,2005-01-03
Clinton Thomson,1349T,2,2005-01-03
Nenad Toroman,1349T,2,2005-01-03
Andrea Turini,1349T,2,2005-01-03
Daniel Vallverdu,1349T,2,2005-01-03
Roberto Velilla,1349T,2,2005-01-03
Vilim Visak,1349T,2,2005-01-03
Luciano Vitullo,1349T,2,2005-01-03
Stefano Vukov,1349T,2,2005-01-03
Scott Willinsky,1349T,2,2005-01-03
Lukasz Wodnicki,1349T,2,2005-01-03
Esteban Zanetti,1349T,2,2005-01-03
Ergun Zorlu,1349T,2,2005-01-03
Trent Aaron,1463T,1,2005-01-03
Kevin Abele,1463T,1,2005-01-03
Bruno Agostinelli,1463T,1,2005-01-03
Saeid Ahmadvand,1463T,1,2005-01-03
Mohammed Abdel-Aziz Al Nuaimi,1463T,1,2005-01-03
Karim Alayli,1463T,1,2005-01-03
Gleb Alekseenko,1463T,1,2005-01-03
Pedro Alves,1463T,1,2005-01-03
Simone Amorico,1463T,1,2005-01-03
Anant Kumar Anumaganti,1463T,1,2005-01-03
Fernando Araujo,1463T,1,2005-01-03
Irineu Araujo,1463T,1,2005-01-03
Juan Carlos Arredondo,1463T,1,2005-01-03
Ketut-Nesa Arta,1463T,1,2005-01-03
Armen Avetisyan,1463T,1,2005-01-03
Frantisek Babej,1463T,1,2005-01-03
Albert Ballesta-Coll,1463T,1,2005-01-03
Tomas Banczi,1463T,1,2005-01-03
Lior Barbash,1463T,1,2005-01-03
Jaume Barberan-Miguel,1463T,1,2005-01-03
Renzo Barioni,1463T,1,2005-01-03
Juri Barkov,1463T,1,2005-01-03
Jon Beaskoetxea-Etxabarr,1463T,1,2005-01-03
Alexei Belov,1463T,1,2005-01-03
Steve Berke,1463T,1,2005-01-03
Marcus Berntson,1463T,1,2005-01-03
Bastiaan Beszelsen,1463T,1,2005-01-03
Joscha Beutel,1463T,1,2005-01-03
Roman Bicek,1463T,1,2005-01-03
Kamil Blaha,1463T,1,2005-01-03
Christian Blocker,1463T,1,2005-01-03
Daniel Boehner,1463T,1,2005-01-03
Manuel Bolanos,1463T,1,2005-01-03
David Brady,1463T,1,2005-01-03
Alejandro Breve,1463T,1,2005-01-03
Niklas Bucht,1463T,1,2005-01-03
Oscar Bustos,1463T,1,2005-01-03
Catalin Buzatu,1463T,1,2005-01-03
Juan Sebastian Cabal,1463T,1,2005-01-03
Daniel Caiado,1463T,1,2005-01-03
Luke Campbell,1463T,1,2005-01-03
Pedro Campos,1463T,1,2005-01-03
Andrew Carlson,1463T,1,2005-01-03
Valerio Carrese,1463T,1,2005-01-03
Frederico Casaro,1463T,1,2005-01-03
Nick Cavaday,1463T,1,2005-01-03
Rabie Chaki,1463T,1,2005-01-03
Huai-En Chang,1463T,1,2005-01-03
Jacobo Chavez,1463T,1,2005-01-03
Artur Chernov,1463T,1,2005-01-03
Marc Chiva,1463T,1,2005-01-03
Patrick Chucri,1463T,1,2005-01-03
Erik Chvojka,1463T,1,2005-01-03
Marin Cilic,1463T,1,2005-01-03
Erik Claesson,1463T,1,2005-01-03
Pedro Clar-Rossello,1463T,1,2005-01-03
Tobias Clemens,1463T,1,2005-01-03
Josh Cohen,1463T,1,2005-01-03
Ignacio Coll-Riudavets,1463T,1,2005-01-03
Ross Connolly,1463T,1,2005-01-03
Allan Cooper,1463T,1,2005-01-03
Gwen-Arne Corches,1463T,1,2005-01-03
Evghenii Corduneanu,1463T,1,2005-01-03
Cosmin Cotet,1463T,1,2005-01-03
Matias De Genaro,1463T,1,2005-01-03
Bart De Gier,1463T,1,2005-01-03
Marco De Sanctis,1463T,1,2005-01-03
Diego De Vecchis,1463T,1,2005-01-03
Rikus De Villiers,1463T,1,2005-01-03
Tom Dennhardt,1463T,1,2005-01-03
Ezequiel Dequino,1463T,1,2005-01-03
Niels Desein,1463T,1,2005-01-03
Riccardo Desto,1463T,1,2005-01-03
Loic Didavi,1463T,1,2005-01-03
Nikola Djordjevic,1463T,1,2005-01-03
Kostyantyn Dmytrenko,1463T,1,2005-01-03
Weerapat Doakmaiklee,1463T,1,2005-01-03
Mauricio Doria-Medina,1463T,1,2005-01-03
Christophe Dournes,1463T,1,2005-01-03
Paul Downey,1463T,1,2005-01-03
Milos Drakulic,1463T,1,2005-01-03
Dmitri Dudko,1463T,1,2005-01-03
Julian Dujmovic,1463T,1,2005-01-03
Daniel Dutra da Silva,1463T,1,2005-01-03
Colin Ebelthite,1463T,1,2005-01-03
Yusuke Egawa,1463T,1,2005-01-03
Franklyn Emmanuel,1463T,1,2005-01-03
Baris Erguden,1463T,1,2005-01-03
Baris Ergun,1463T,1,2005-01-03
Ernest Erkeev,1463T,1,2005-01-03
Gonzalo Escobar,1463T,1,2005-01-03
Victor Estrella Burgos,1463T,1,2005-01-03
Johann Georg Fankhauser,1463T,1,2005-01-03
Robert Farah,1463T,1,2005-01-03
Remus Farcas,1463T,1,2005-01-03
Jaume Farras,1463T,1,2005-01-03
Hicham Fathi El Idrissi,1463T,1,2005-01-03
Lachlan Ferguson,1463T,1,2005-01-03
Dane Fernandez,1463T,1,2005-01-03
Alexei Filenkov,1463T,1,2005-01-03
Martin Fischer,1463T,1,2005-01-03
Relja Fiser-Dulic,1463T,1,2005-01-03
Laszlo Fono,1463T,1,2005-01-03
Amadeus Fulford-Jones,1463T,1,2005-01-03
Renzo Furlan,1463T,1,2005-01-03
Rodrigo Gabriel,1463T,1,2005-01-03
Daniel Gagan,1463T,1,2005-01-03
David Galic,1463T,1,2005-01-03
Francisco Gallardo,1463T,1,2005-01-03
Jorge Garcia Marin,1463T,1,2005-01-03
Francisco-Javier Garcia-Redondo,1463T,1,2005-01-03
Markus Geiger,1463T,1,2005-01-03
Paul Gerbaud,1463T,1,2005-01-03
Rodolphe Gilbert,1463T,1,2005-01-03
Robert Godlewski,1463T,1,2005-01-03
Michael Godwin,1463T,1,2005-01-03
Marcin Golab,1463T,1,2005-01-03
Ralph Grambow,1463T,1,2005-01-03
Didier Grande,1463T,1,2005-01-03
Enric Guaita-Pais,1463T,1,2005-01-03
Hovsep Guluzian,1463T,1,2005-01-03
Eduardo Gutierrez,1463T,1,2005-01-03
Jacob Gutwillig,1463T,1,2005-01-03
Eric Hagenimana,1463T,1,2005-01-03
Andreas Haider-Maurer,1463T,1,2005-01-03
Allan Hakizimana,1463T,1,2005-01-03
Carl-Henrik Hansen,1463T,1,2005-01-03
Masato Hatanaka,1463T,1,2005-01-03
Harri Heliovaara,1463T,1,2005-01-03
Anthony Hill,1463T,1,2005-01-03
Christoph Hodl,1463T,1,2005-01-03
Daniel Hoeppner,1463T,1,2005-01-03
Janne Holmia,1463T,1,2005-01-03
Nicolai Horgen,1463T,1,2005-01-03
Luis Hormazabal,1463T,1,2005-01-03
Willem Hornikx,1463T,1,2005-01-03
Yves-Eric Houpert,1463T,1,2005-01-03
Tobias Huelsen,1463T,1,2005-01-03
Ibukun Ilesanmi,1463T,1,2005-01-03
Dominic Inglot,1463T,1,2005-01-03
Gafur Ishmatov,1463T,1,2005-01-03
Takahiro Ittogi,1463T,1,2005-01-03
Razvan Itu,1463T,1,2005-01-03
Simeon Ivanov,1463T,1,2005-01-03
Dae-Sung Jang,1463T,1,2005-01-03
Issam Jellali,1463T,1,2005-01-03
Masashi Jikumaru,1463T,1,2005-01-03
Joan Jimenez-Guerra,1463T,1,2005-01-03
Richard Johnson,1463T,1,2005-01-03
Ramiro Juan,1463T,1,2005-01-03
Aliaksei Kandakov,1463T,1,2005-01-03
Zacharias Katsigiannakis,1463T,1,2005-01-03
Blaz Kavcic,1463T,1,2005-01-03
Christian Kern,1463T,1,2005-01-03
Whi Kim,1463T,1,2005-01-03
Sun-Yong Kim Jr.,1463T,1,2005-01-03
Gustavo Kodama,1463T,1,2005-01-03
Robbie Koenig,1463T,1,2005-01-03
Andrew Kolker,1463T,1,2005-01-03
Vide Konjevod,1463T,1,2005-01-03
Cristian Kordasz,1463T,1,2005-01-03
Dirk Kornmeyer,1463T,1,2005-01-03
Tamas Krafcsik,1463T,1,2005-01-03
Alexandre Krasnoroutskiy,1463T,1,2005-01-03
Markus Krenn,1463T,1,2005-01-03
Kirill Krioukov,1463T,1,2005-01-03
Milan Krnjetin,1463T,1,2005-01-03
Thomas Kromann,1463T,1,2005-01-03
Boris Kurtovic,1463T,1,2005-01-03
Krzysztof Kwinta,1463T,1,2005-01-03
Shane La Porte,1463T,1,2005-01-03
Christopher Lam,1463T,1,2005-01-03
Anthony Law,1463T,1,2005-01-03
Quoc-Khanh Le,1463T,1,2005-01-03
Bertrand Lescure,1463T,1,2005-01-03
Mikhail Lew,1463T,1,2005-01-03
Ruo-Yang Li,1463T,1,2005-01-03
Tushar Liberhan,1463T,1,2005-01-03
Alexandre Lichtchenko,1463T,1,2005-01-03
Mikhail Lifshits,1463T,1,2005-01-03
Patrick Linke,1463T,1,2005-01-03
Damian Listingart,1463T,1,2005-01-03
Thomas Liversage,1463T,1,2005-01-03
Mark Logger,1463T,1,2005-01-03
Dmitri Lomakin,1463T,1,2005-01-03
Michael Look,1463T,1,2005-01-03
Tiago Lopes,1463T,1,2005-01-03
Diego Lopez,1463T,1,2005-01-03
Adam Lownsbrough,1463T,1,2005-01-03
Gianluca Luddi,1463T,1,2005-01-03
Piero Luisi,1463T,1,2005-01-03
Miles MacLagan,1463T,1,2005-01-03
Noureddine Mahmoudi,1463T,1,2005-01-03
Dmitriy Makeyev,1463T,1,2005-01-03
Aleksey Malajko,1463T,1,2005-01-03
Francisco Malfitani,1463T,1,2005-01-03
Myalikkuli Mamedkuliev,1463T,1,2005-01-03
Thomas Mangold,1463T,1,2005-01-03
Abdullah Maqdes,1463T,1,2005-01-03
Nicolo Marchioretto,1463T,1,2005-01-03
Aleksandar Maric,1463T,1,2005-01-03
Jason Marshall,1463T,1,2005-01-03
Fabrice Martin,1463T,1,2005-01-03
Pablo Martin-Adalia,1463T,1,2005-01-03
Petr Masek,1463T,1,2005-01-03
Emiliano Massa,1463T,1,2005-01-03
Alexander Materassi,1463T,1,2005-01-03
Sylvain Mathias,1463T,1,2005-01-03
Marcin Matkowski,1463T,1,2005-01-03
Gianpaolo Mauti,1463T,1,2005-01-03
Roberto Maytin,1463T,1,2005-01-03
Acaymo Medina-Rivero,1463T,1,2005-01-03
Henrique Mello,1463T,1,2005-01-03
Andrei Merinov,1463T,1,2005-01-03
Santiago Messora,1463T,1,2005-01-03
Pierre Metenier,1463T,1,2005-01-03
Phil Metz,1463T,1,2005-01-03
W.P. Meyer,1463T,1,2005-01-03
Peter Miklusicak,1463T,1,2005-01-03
Shivang Mishra,1463T,1,2005-01-03
Masatoshi Miyazaki,1463T,1,2005-01-03
Mohammed Mohazebnia,1463T,1,2005-01-03
Amir-Soheil Mohseni,1463T,1,2005-01-03
Jorge Montesinos,1463T,1,2005-01-03
Roberto Montis,1463T,1,2005-01-03
Noel Moossa,1463T,1,2005-01-03
Luis Moreschi,1463T,1,2005-01-03
Marco Moretto,1463T,1,2005-01-03
Leonardo Moreyra,1463T,1,2005-01-03
Simon Morris,1463T,1,2005-01-03
Bernardo Mota,1463T,1,2005-01-03
Bela Mozes,1463T,1,2005-01-03
Daniel Muller,1463T,1,2005-01-03
Dominik Muller,1463T,1,2005-01-03
Devin Mullings,1463T,1,2005-01-03
Reza Nakhai,1463T,1,2005-01-03
Mohamed Nashaat,1463T,1,2005-01-03
Kris Nathan,1463T,1,2005-01-03
Florin Nedelcu,1463T,1,2005-01-03
Aleksandr Nedovyesov,1463T,1,2005-01-03
Cliff Nguyen,1463T,1,2005-01-03
Patrick Nicholls,1463T,1,2005-01-03
Volodymyr Nikolenko,1463T,1,2005-01-03
Bogdan Nitescu,1463T,1,2005-01-03
Alexander Nonnekes,1463T,1,2005-01-03
Serguei Novosselov,1463T,1,2005-01-03
Miroslav Ocadlik,1463T,1,2005-01-03
Joshua Olivas,1463T,1,2005-01-03
Julien Onclin,1463T,1,2005-01-03
Diego Ortuzar,1463T,1,2005-01-03
Philipp Oswald,1463T,1,2005-01-03
Kacper Owsian,1463T,1,2005-01-03
Saurav Panja,1463T,1,2005-01-03
Jamal Parker,1463T,1,2005-01-03
Timothy Patient,1463T,1,2005-01-03
Todd Paul,1463T,1,2005-01-03
Mikhail Pavlov,1463T,1,2005-01-03
Nikki Peel,1463T,1,2005-01-03
Narcis Pelach Torres,1463T,1,2005-01-03
Iram Peled,1463T,1,2005-01-03
Filipe Penteado,1463T,1,2005-01-03
Raul Perez,1463T,1,2005-01-03
Guillermo Perez-Roldan,1463T,1,2005-01-03
Dennis Peschek,1463T,1,2005-01-03
Milan Petercak,1463T,1,2005-01-03
Jose Pires,1463T,1,2005-01-03
Matjaz Pogacnik,1463T,1,2005-01-03
Milan Pokrajac,1463T,1,2005-01-03
Peter Polansky,1463T,1,2005-01-03
Federico Polvani,1463T,1,2005-01-03
Vladimir Portnov,1463T,1,2005-01-03
Frank Potthoff,1463T,1,2005-01-03
Gianluca Pozzi,1463T,1,2005-01-03
Matt Prentice,1463T,1,2005-01-03
Mio Puhanic,1463T,1,2005-01-03
Paul-Mihai Puscasu,1463T,1,2005-01-03
Tobias Raab,1463T,1,2005-01-03
Igor Racic,1463T,1,2005-01-03
Martin Rammal,1463T,1,2005-01-03
Albert Ramos-Vinolas,1463T,1,2005-01-03
Olivier Renavand,1463T,1,2005-01-03
Branislav Repa,1463T,1,2005-01-03
Jaime Restrepo,1463T,1,2005-01-03
Narciso Reyes-Rygh,1463T,1,2005-01-03
Pedro Rico,1463T,1,2005-01-03
Abel Rincon-Vazquez,1463T,1,2005-01-03
Marc Riutort,1463T,1,2005-01-03
Claudio Rizzo,1463T,1,2005-01-03
Riccardo Rondinelli,1463T,1,2005-01-03
Paul Rose,1463T,1,2005-01-03
Idan Rosenberg,1463T,1,2005-01-03
Mohcine Roudami,1463T,1,2005-01-03
Rupesh Roy,1463T,1,2005-01-03
Jonathan Russo,1463T,1,2005-01-03
Jonathan Sanchez,1463T,1,2005-01-03
Armin Sandbichler,1463T,1,2005-01-03
Gustavo Santos,1463T,1,2005-01-03
Erik Scharf,1463T,1,2005-01-03
Tobias Scheil,1463T,1,2005-01-03
Michael Schneider,1463T,1,2005-01-03
Thomas Schreyer,1463T,1,2005-01-03
Bart Scott,1463T,1,2005-01-03
Patrick Sebastiani,1463T,1,2005-01-03
Domagoj Sekosan,1463T,1,2005-01-03
Yong Bum Seo,1463T,1,2005-01-03
Luca Serena,1463T,1,2005-01-03
Abdul-Rahman Shehab,1463T,1,2005-01-03
Kile Sherry,1463T,1,2005-01-03
Brad Sherwood,1463T,1,2005-01-03
Matan Shitrit,1463T,1,2005-01-03
Yew-Ming Si,1463T,1,2005-01-03
Alexander Sikanov,1463T,1,2005-01-03
Alin-Alexandru Simion,1463T,1,2005-01-03
Saurabh Singh,1463T,1,2005-01-03
Kirati Siributwong,1463T,1,2005-01-03
Roberto Sirotsky,1463T,1,2005-01-03
Franko Skugor,1463T,1,2005-01-03
Justin Slattery,1463T,1,2005-01-03
Manuel Soumet,1463T,1,2005-01-03
Victor Stanica,1463T,1,2005-01-03
Rodrigo Starling,1463T,1,2005-01-03
Jurek Stasiak,1463T,1,2005-01-03
Christoph Steiner,1463T,1,2005-01-03
Daniel Stoehr,1463T,1,2005-01-03
Mihai Stoian,1463T,1,2005-01-03
Alex Stone,1463T,1,2005-01-03
Benedikt Stronk,1463T,1,2005-01-03
Tomer Suissa,1463T,1,2005-01-03
Jonathan Susmozas,1463T,1,2005-01-03
Sebastian Swierk,1463T,1,2005-01-03
Marcelo Tarony,1463T,1,2005-01-03
Kedar Tembe,1463T,1,2005-01-03
Bram Ten Berge,1463T,1,2005-01-03
John Thivolle,1463T,1,2005-01-03
Aljoscha Thron,1463T,1,2005-01-03
Diego Toledo,1463T,1,2005-01-03
Gwinyai Tongoona,1463T,1,2005-01-03
Ruben Torres,1463T,1,2005-01-03
Alessio Torresi,1463T,1,2005-01-03
Walter Trusendi,1463T,1,2005-01-03
Antti Tuomi,1463T,1,2005-01-03
Erling Tveit,1463T,1,2005-01-03
Levan Vadachkoria,1463T,1,2005-01-03
Andre Van Der Merwe,1463T,1,2005-01-03
Pim Van Mele,1463T,1,2005-01-03
Serguei Vassine,1463T,1,2005-01-03
Erasmo Vazquez,1463T,1,2005-01-03
Jose-Roberto Velasco,1463T,1,2005-01-03
Ricardo Villacorta-Alonso,1463T,1,2005-01-03
Jorge Villanueva,1463T,1,2005-01-03
Tobias Virdhage,1463T,1,2005-01-03
Christian Vitulli,1463T,1,2005-01-03
Michal Walkow,1463T,1,2005-01-03
William Ward,1463T,1,2005-01-03
Andre Wiesler,1463T,1,2005-01-03
Alex Witt,1463T,1,2005-01-03
David Witt,1463T,1,2005-01-03
Elliot Wronski,1463T,1,2005-01-03
Hirokazu Yagi,1463T,1,2005-01-03
Wei Guang Yang,1463T,1,2005-01-03
Chu-Huan Yi,1463T,1,2005-01-03
Mirko Zapletal,1463T,1,2005-01-03
Filip Zivojinovic,1463T,1,2005-01-03
Ernest Zurabian,1463T,1,2005-01-03
